"Bin"	"SNPs_kb"
1016823	1
1017823	0
1018823	0
1019823	0
1020823	0
1021823	1
1022823	0
1023823	4
1024823	0
1025823	1
1026823	1
1027823	1
1028823	3
1029823	3
1030823	2
1031823	1
1032823	0
1033823	3
1034823	1
1035823	0
1036823	0
1037823	2
1038823	1
1039823	2
1040823	1
1041823	2
1042823	2
1043823	0
1044823	2
1045823	0
1046823	1
1047823	0
1048823	1
1049823	0
1050823	1
1051823	3
1052823	0
1053823	0
1054823	0
1055823	0
1056823	0
1057823	0
1058823	1
1059823	0
1060823	0
1061823	0
1062823	0
1063823	0
1064823	0
1065823	0
1066823	0
1067823	0
1068823	0
1069823	0
1070823	0
1071823	0
1072823	0
1073823	0
1074823	0
1075823	21
1076823	12
1077823	8
1078823	0
1079823	0
1080823	0
1081823	0
1082823	0
1083823	0
1084823	0
1085823	0
1086823	0
1087823	6
1088823	0
1089823	0
1090823	0
1091823	0
1092823	0
1093823	0
1094823	2
1095823	0
1096823	4
1097823	5
1098823	2
1099823	2
1100823	2
1101823	2
1102823	1
1103823	1
1104823	0
1105823	1
1106823	1
1107823	1
1108823	0
1109823	0
1110823	0
1111823	0
1112823	1
1113823	1
1114823	1
1115823	0
1116823	0
1117823	1
1118823	2
1119823	2
1120823	1
1121823	0
1122823	1
1123823	2
1124823	1
1125823	0
1126823	1
1127823	0
1128823	0
1129823	0
1130823	0
1131823	0
1132823	1
1133823	2
1134823	3
1135823	6
1136823	6
1137823	1
1138823	8
1139823	7
1140823	2
1141823	2
1142823	0
1143823	1
1144823	3
1145823	4
1146823	5
1147823	2
1148823	3
1149823	6
1150823	3
1151823	7
1152823	6
1153823	4
1154823	3
1155823	15
1156823	7
1157823	16
1158823	10
1159823	18
1160823	13
1161823	13
1162823	3
1163823	2
1164823	4
1165823	0
1166823	2
1167823	4
1168823	3
1169823	0
1170823	0
1171823	1
1172823	2
1173823	1
1174823	4
1175823	1
1176823	2
1177823	5
1178823	5
1179823	3
1180823	1
1181823	1
1182823	4
1183823	2
1184823	4
1185823	3
1186823	3
1187823	7
1188823	5
1189823	2
1190823	6
1191823	3
1192823	8
1193823	6
1194823	6
1195823	3
1196823	4
1197823	5
1198823	10
1199823	3
1200823	4
1201823	2
1202823	4
1203823	4
1204823	4
1205823	10
1206823	3
1207823	0
1208823	5
1209823	3
1210823	0
1211823	3
1212823	3
1213823	4
1214823	0
1215823	2
1216823	0
1217823	5
1218823	1
1219823	7
1220823	7
1221823	6
1222823	13
1223823	6
1224823	10
1225823	5
1226823	6
1227823	3
1228823	1
1229823	7
1230823	3
1231823	10
1232823	8
1233823	7
1234823	9
1235823	12
1236823	10
1237823	4
1238823	1
1239823	6
1240823	4
1241823	4
1242823	9
1243823	15
1244823	12
1245823	8
1246823	13
1247823	8
1248823	7
1249823	8
1250823	8
1251823	11
1252823	12
1253823	5
1254823	10
1255823	6
1256823	6
1257823	8
1258823	6
1259823	9
1260823	5
1261823	15
1262823	6
1263823	4
1264823	9
1265823	10
1266823	14
1267823	10
1268823	13
1269823	9
1270823	4
1271823	4
1272823	3
1273823	6
1274823	8
1275823	10
1276823	9
1277823	6
1278823	14
1279823	10
1280823	7
1281823	12
1282823	5
1283823	0
1284823	1
1285823	7
1286823	1
1287823	2
1288823	0
1289823	2
1290823	0
1291823	0
1292823	2
1293823	0
1294823	1
1295823	0
1296823	1
1297823	0
1298823	1
1299823	1
1300823	5
1301823	10
1302823	19
1303823	19
1304823	13
1305823	22
1306823	11
1307823	19
1308823	16
1309823	7
1310823	6
1311823	10
1312823	8
1313823	12
1314823	8
1315823	13
1316823	5
1317823	5
1318823	2
1319823	3
1320823	2
1321823	1
1322823	2
1323823	2
1324823	1
1325823	5
1326823	3
1327823	4
1328823	5
1329823	3
1330823	4
1331823	2
1332823	3
1333823	15
1334823	5
1335823	1
1336823	4
1337823	1
1338823	0
1339823	0
1340823	0
1341823	0
1342823	0
1343823	0
1344823	0
1345823	0
1346823	0
1347823	0
1348823	0
1349823	0
1350823	0
1351823	0
1352823	0
1353823	0
1354823	0
1355823	0
1356823	0
1357823	0
1358823	0
1359823	0
1360823	0
1361823	0
1362823	0
1363823	0
1364823	0
1365823	0
1366823	0
1367823	0
1368823	0
1369823	0
1370823	0
1371823	0
1372823	0
1373823	0
1374823	0
1375823	0
1376823	0
1377823	0
1378823	0
1379823	0
1380823	0
1381823	0
1382823	0
1383823	0
1384823	0
1385823	0
1386823	0
1387823	0
1388823	0
1389823	0
1390823	1
1391823	13
1392823	27
1393823	11
1394823	18
1395823	21
1396823	23
1397823	27
1398823	28
1399823	9
1400823	3
1401823	2
1402823	1
1403823	9
1404823	7
1405823	3
1406823	4
1407823	8
1408823	6
1409823	16
1410823	13
1411823	9
1412823	13
1413823	16
1414823	6
1415823	4
1416823	10
1417823	17
1418823	9
1419823	15
1420823	3
1421823	1
1422823	0
1423823	2
1424823	3
1425823	2
1426823	2
1427823	0
1428823	0
1429823	1
1430823	0
1431823	3
1432823	0
1433823	1
1434823	0
1435823	1
1436823	0
1437823	2
1438823	0
1439823	1
1440823	0
1441823	3
1442823	0
1443823	1
1444823	0
1445823	2
1446823	0
1447823	1
1448823	2
1449823	1
1450823	1
1451823	2
1452823	1
1453823	0
1454823	1
1455823	1
1456823	0
1457823	1
1458823	2
1459823	0
1460823	2
1461823	1
1462823	1
1463823	1
1464823	1
1465823	1
1466823	1
1467823	0
1468823	0
1469823	1
1470823	1
1471823	1
1472823	0
1473823	0
1474823	2
1475823	1
1476823	0
1477823	4
1478823	0
1479823	1
1480823	2
1481823	2
1482823	1
1483823	2
1484823	1
1485823	1
1486823	2
1487823	0
1488823	0
1489823	0
1490823	3
1491823	2
1492823	0
1493823	4
1494823	0
1495823	0
1496823	0
1497823	0
1498823	0
1499823	0
1500823	2
1501823	1
1502823	1
1503823	0
1504823	0
1505823	2
1506823	1
1507823	0
1508823	1
1509823	1
1510823	1
1511823	0
1512823	0
1513823	0
1514823	0
1515823	2
1516823	1
1517823	2
1518823	1
1519823	2
1520823	0
1521823	2
1522823	1
1523823	0
1524823	2
1525823	1
1526823	1
1527823	3
1528823	1
1529823	0
1530823	0
1531823	1
1532823	0
1533823	1
1534823	0
1535823	3
1536823	3
1537823	4
1538823	7
1539823	4
1540823	2
1541823	6
1542823	5
1543823	2
1544823	5
1545823	5
1546823	3
1547823	4
1548823	3
1549823	3
1550823	4
1551823	3
1552823	6
1553823	3
1554823	3
1555823	4
1556823	11
1557823	1
1558823	3
1559823	0
1560823	1
1561823	1
1562823	2
1563823	0
1564823	1
1565823	2
1566823	5
1567823	2
1568823	3
1569823	3
1570823	3
1571823	5
1572823	2
1573823	4
1574823	2
1575823	7
1576823	3
1577823	7
1578823	6
1579823	2
1580823	6
1581823	5
1582823	4
1583823	7
1584823	7
1585823	7
1586823	8
1587823	4
1588823	6
1589823	5
1590823	6
1591823	5
1592823	9
1593823	2
1594823	2
1595823	0
1596823	0
1597823	1
1598823	0
1599823	2
1600823	1
1601823	1
1602823	0
1603823	0
1604823	0
1605823	0
1606823	0
1607823	0
1608823	1
1609823	2
1610823	1
1611823	1
1612823	1
1613823	0
1614823	1
1615823	0
1616823	1
1617823	0
1618823	1
1619823	3
1620823	0
1621823	2
1622823	0
1623823	1
1624823	3
1625823	1
1626823	1
1627823	1
1628823	0
1629823	1
1630823	0
1631823	0
1632823	3
1633823	2
1634823	1
1635823	1
1636823	2
1637823	2
1638823	3
1639823	2
1640823	3
1641823	4
1642823	6
1643823	2
1644823	4
1645823	2
1646823	1
1647823	0
1648823	0
1649823	2
1650823	1
1651823	0
1652823	1
1653823	1
1654823	0
1655823	0
1656823	0
1657823	0
1658823	2
1659823	0
1660823	0
1661823	2
1662823	0
1663823	0
1664823	0
1665823	0
1666823	1
1667823	0
1668823	0
1669823	0
1670823	0
1671823	0
1672823	0
1673823	0
1674823	4
1675823	5
1676823	4
1677823	2
1678823	2
1679823	5
1680823	3
1681823	1
1682823	3
1683823	0
1684823	0
1685823	2
1686823	0
1687823	2
1688823	0
1689823	0
1690823	1
1691823	2
1692823	2
1693823	4
1694823	2
1695823	4
1696823	2
1697823	6
1698823	11
1699823	6
1700823	4
1701823	7
1702823	5
1703823	2
1704823	0
1705823	1
1706823	0
1707823	0
1708823	0
1709823	0
1710823	2
1711823	0
1712823	0
1713823	0
1714823	0
1715823	1
1716823	0
1717823	0
1718823	1
1719823	1
1720823	0
1721823	1
1722823	0
1723823	0
1724823	2
1725823	0
1726823	0
1727823	0
1728823	0
1729823	0
1730823	0
1731823	0
1732823	0
1733823	0
1734823	1
1735823	0
1736823	0
1737823	0
1738823	1
1739823	2
1740823	0
1741823	0
1742823	1
1743823	0
1744823	0
1745823	7
1746823	2
1747823	0
1748823	0
1749823	0
1750823	0
1751823	0
1752823	2
1753823	0
1754823	1
1755823	2
1756823	0
1757823	0
1758823	0
1759823	2
1760823	0
1761823	0
1762823	0
1763823	2
1764823	0
1765823	0
1766823	1
1767823	0
1768823	0
1769823	0
1770823	0
1771823	0
1772823	1
1773823	1
1774823	1
1775823	0
1776823	0
1777823	0
1778823	0
1779823	1
1780823	21
1781823	1
1782823	0
1783823	0
1784823	0
1785823	3
1786823	0
1787823	1
1788823	5
1789823	2
1790823	2
1791823	0
1792823	1
1793823	3
1794823	4
1795823	5
1796823	3
1797823	2
1798823	1
1799823	1
1800823	3
1801823	0
1802823	1
1803823	5
1804823	2
1805823	1
1806823	1
1807823	2
1808823	2
1809823	3
1810823	2
1811823	3
1812823	22
1813823	2
1814823	3
1815823	1
1816823	0
1817823	2
1818823	3
1819823	3
1820823	3
1821823	1
1822823	0
1823823	2
1824823	0
1825823	2
1826823	2
1827823	0
1828823	2
1829823	2
1830823	1
1831823	0
1832823	6
1833823	3
1834823	5
1835823	5
1836823	2
1837823	7
1838823	4
1839823	13
1840823	14
1841823	14
1842823	7
1843823	9
1844823	8
1845823	10
1846823	8
1847823	6
1848823	9
1849823	6
1850823	10
1851823	12
1852823	10
1853823	10
1854823	9
1855823	9
1856823	7
1857823	10
1858823	12
1859823	7
1860823	9
1861823	16
1862823	6
1863823	13
1864823	15
1865823	3
1866823	2
1867823	6
1868823	4
1869823	2
1870823	4
1871823	9
1872823	10
1873823	4
1874823	9
1875823	7
1876823	6
1877823	5
1878823	3
1879823	12
1880823	6
1881823	19
1882823	13
1883823	11
1884823	14
1885823	15
1886823	26
1887823	11
1888823	8
1889823	13
1890823	6
1891823	10
1892823	0
1893823	1
1894823	1
1895823	1
1896823	0
1897823	4
1898823	12
1899823	1
1900823	1
1901823	20
1902823	0
1903823	0
1904823	0
1905823	0
1906823	2
1907823	0
1908823	2
1909823	1
1910823	1
1911823	4
1912823	1
1913823	2
1914823	2
1915823	3
1916823	1
1917823	0
1918823	0
1919823	0
1920823	0
1921823	0
1922823	0
1923823	0
1924823	0
1925823	0
1926823	0
1927823	0
1928823	0
1929823	0
1930823	0
1931823	0
1932823	0
1933823	0
1934823	0
1935823	0
1936823	0
1937823	0
1938823	0
1939823	0
1940823	0
1941823	0
1942823	0
1943823	0
1944823	0
1945823	0
1946823	0
1947823	0
1948823	0
1949823	0
1950823	0
1951823	1
1952823	0
1953823	0
1954823	0
1955823	2
1956823	0
1957823	0
1958823	0
1959823	0
1960823	0
1961823	0
1962823	1
1963823	0
1964823	0
1965823	0
1966823	0
1967823	1
1968823	1
1969823	1
1970823	0
1971823	0
1972823	0
1973823	0
1974823	0
1975823	1
1976823	0
1977823	0
1978823	0
1979823	0
1980823	0
1981823	0
1982823	0
1983823	0
1984823	0
1985823	0
1986823	0
1987823	0
1988823	0
1989823	0
1990823	0
1991823	0
1992823	0
1993823	1
1994823	0
1995823	0
1996823	0
1997823	2
1998823	0
1999823	0
2000823	0
2001823	0
2002823	0
2003823	0
2004823	1
2005823	0
2006823	0
2007823	0
2008823	0
2009823	0
2010823	0
2011823	0
2012823	0
2013823	0
2014823	0
2015823	1
2016823	0
2017823	0
2018823	0
2019823	0
2020823	1
2021823	0
2022823	0
2023823	0
2024823	0
2025823	1
2026823	1
2027823	0
2028823	0
2029823	0
2030823	0
2031823	1
2032823	0
2033823	1
2034823	0
2035823	1
2036823	2
2037823	0
2038823	0
2039823	0
2040823	0
2041823	0
2042823	0
2043823	0
2044823	0
2045823	0
2046823	0
2047823	0
2048823	9
2049823	0
2050823	0
2051823	0
2052823	0
2053823	0
2054823	0
2055823	0
2056823	1
2057823	0
2058823	0
2059823	0
2060823	1
2061823	0
2062823	1
2063823	1
2064823	0
2065823	3
2066823	0
2067823	1
2068823	0
2069823	0
2070823	0
2071823	3
2072823	1
2073823	0
2074823	2
2075823	0
2076823	0
2077823	0
2078823	1
2079823	0
2080823	0
2081823	0
2082823	0
2083823	0
2084823	0
2085823	0
2086823	1
2087823	1
2088823	1
2089823	0
2090823	0
2091823	0
2092823	0
2093823	0
2094823	0
2095823	0
2096823	0
2097823	0
2098823	0
2099823	0
2100823	0
2101823	0
2102823	1
2103823	1
2104823	0
2105823	0
2106823	0
2107823	0
2108823	0
2109823	1
2110823	0
2111823	1
2112823	0
2113823	0
2114823	0
2115823	1
2116823	0
2117823	1
2118823	0
2119823	4
2120823	8
2121823	0
2122823	0
2123823	0
2124823	0
2125823	1
2126823	0
2127823	0
2128823	0
2129823	0
2130823	0
2131823	0
2132823	1
2133823	0
2134823	0
2135823	0
2136823	0
2137823	0
2138823	0
2139823	0
2140823	0
2141823	0
2142823	0
2143823	0
2144823	0
2145823	0
2146823	2
2147823	2
2148823	1
2149823	0
2150823	0
2151823	0
2152823	3
2153823	2
2154823	0
2155823	0
2156823	1
2157823	1
2158823	1
2159823	0
2160823	3
2161823	0
2162823	0
2163823	0
2164823	2
2165823	2
2166823	0
2167823	1
2168823	2
2169823	0
2170823	0
2171823	0
2172823	2
2173823	1
2174823	0
2175823	0
2176823	1
2177823	1
2178823	2
2179823	0
2180823	1
2181823	1
2182823	3
2183823	2
2184823	0
2185823	1
2186823	1
2187823	0
2188823	0
2189823	2
2190823	1
2191823	0
2192823	1
2193823	1
2194823	0
2195823	1
2196823	1
2197823	2
2198823	6
2199823	2
2200823	2
2201823	2
2202823	2
2203823	3
2204823	0
2205823	6
2206823	1
2207823	1
2208823	2
2209823	1
2210823	10
2211823	6
2212823	3
2213823	5
2214823	11
2215823	12
2216823	6
2217823	5
2218823	5
2219823	8
2220823	14
2221823	3
2222823	3
2223823	3
2224823	2
2225823	2
2226823	6
2227823	7
2228823	8
2229823	26
2230823	9
2231823	1
2232823	5
2233823	6
2234823	6
2235823	10
2236823	10
2237823	3
2238823	4
2239823	2
2240823	1
2241823	10
2242823	17
2243823	10
2244823	2
2245823	2
2246823	5
2247823	2
2248823	2
2249823	3
2250823	3
2251823	3
2252823	4
2253823	3
2254823	1
2255823	4
2256823	1
2257823	4
2258823	1
2259823	0
2260823	0
2261823	1
2262823	4
2263823	0
2264823	1
2265823	1
2266823	1
2267823	0
2268823	1
2269823	2
2270823	1
2271823	1
2272823	2
2273823	21
2274823	1
2275823	2
2276823	2
2277823	3
2278823	2
2279823	2
2280823	4
2281823	1
2282823	3
2283823	3
2284823	2
2285823	3
2286823	1
2287823	2
2288823	1
2289823	1
2290823	2
2291823	3
2292823	5
2293823	4
2294823	1
2295823	2
2296823	1
2297823	1
2298823	1
2299823	2
2300823	0
2301823	4
2302823	0
2303823	0
2304823	1
2305823	0
2306823	1
2307823	1
2308823	2
2309823	1
2310823	3
2311823	1
2312823	1
2313823	2
2314823	0
2315823	1
2316823	5
2317823	1
2318823	3
2319823	1
2320823	1
2321823	1
2322823	2
2323823	3
2324823	1
2325823	2
2326823	4
2327823	1
2328823	5
2329823	4
2330823	5
2331823	4
2332823	4
2333823	7
2334823	5
2335823	4
2336823	1
2337823	3
2338823	2
2339823	0
2340823	2
2341823	1
2342823	1
2343823	0
2344823	1
2345823	0
2346823	2
2347823	2
2348823	0
2349823	1
2350823	0
2351823	1
2352823	2
2353823	2
2354823	4
2355823	0
2356823	0
2357823	5
2358823	7
2359823	1
2360823	4
2361823	0
2362823	0
2363823	2
2364823	0
2365823	2
2366823	1
2367823	0
2368823	0
2369823	0
2370823	1
2371823	1
2372823	0
2373823	2
2374823	1
2375823	0
2376823	1
2377823	1
2378823	2
2379823	2
2380823	0
2381823	1
2382823	0
2383823	1
2384823	0
2385823	0
2386823	1
2387823	1
2388823	6
2389823	3
2390823	3
2391823	1
2392823	0
2393823	0
2394823	0
2395823	1
2396823	0
2397823	1
2398823	2
2399823	0
2400823	0
2401823	0
2402823	0
2403823	0
2404823	1
2405823	0
2406823	0
2407823	0
2408823	1
2409823	0
2410823	1
2411823	20
2412823	0
2413823	0
2414823	0
2415823	0
2416823	0
2417823	10
2418823	1
2419823	0
2420823	0
2421823	0
2422823	0
2423823	0
2424823	0
2425823	1
2426823	1
2427823	0
2428823	1
2429823	0
2430823	0
2431823	2
2432823	0
2433823	0
2434823	1
2435823	0
2436823	0
2437823	0
2438823	0
2439823	0
2440823	0
2441823	0
2442823	3
2443823	0
2444823	0
2445823	2
2446823	1
2447823	0
2448823	0
2449823	2
2450823	0
2451823	1
2452823	2
2453823	0
2454823	2
2455823	4
2456823	3
2457823	0
2458823	9
2459823	4
2460823	2
2461823	1
2462823	2
2463823	1
2464823	6
2465823	8
2466823	0
2467823	0
2468823	0
2469823	1
2470823	3
2471823	7
2472823	4
2473823	3
2474823	2
2475823	2
2476823	7
2477823	3
2478823	8
2479823	4
2480823	6
2481823	0
2482823	0
2483823	0
2484823	0
2485823	0
2486823	0
2487823	0
2488823	0
2489823	0
2490823	0
2491823	0
2492823	0
2493823	0
2494823	5
2495823	3
2496823	0
2497823	0
2498823	0
2499823	0
2500823	0
2501823	0
2502823	0
2503823	0
2504823	0
2505823	0
2506823	0
2507823	0
2508823	0
2509823	0
2510823	0
2511823	0
2512823	0
2513823	0
2514823	0
2515823	0
2516823	0
2517823	1
2518823	0
2519823	0
2520823	0
2521823	0
2522823	0
2523823	0
2524823	0
2525823	0
2526823	0
2527823	0
2528823	0
2529823	0
2530823	0
2531823	0
2532823	0
2533823	0
2534823	0
2535823	0
2536823	0
2537823	0
2538823	0
2539823	0
2540823	1
2541823	0
2542823	0
2543823	0
2544823	0
2545823	0
2546823	0
2547823	0
2548823	0
2549823	0
2550823	0
2551823	0
2552823	0
2553823	0
2554823	0
2555823	0
2556823	0
2557823	0
2558823	0
2559823	0
2560823	0
2561823	0
2562823	0
2563823	0
2564823	0
2565823	0
2566823	0
2567823	1
2568823	0
2569823	0
2570823	0
2571823	0
2572823	0
2573823	0
2574823	0
2575823	0
2576823	0
2577823	0
2578823	1
2579823	0
2580823	0
2581823	0
2582823	0
2583823	0
2584823	0
2585823	0
2586823	0
2587823	0
2588823	0
2589823	0
2590823	0
2591823	0
2592823	0
2593823	0
2594823	0
2595823	0
2596823	0
2597823	0
2598823	0
2599823	0
2600823	0
2601823	0
2602823	0
2603823	0
2604823	0
2605823	0
2606823	1
2607823	0
2608823	0
2609823	0
2610823	0
2611823	0
2612823	0
2613823	1
2614823	0
2615823	0
2616823	19
2617823	0
2618823	2
2619823	0
2620823	0
2621823	0
2622823	0
2623823	0
2624823	0
2625823	0
2626823	0
2627823	0
2628823	0
2629823	0
2630823	1
2631823	0
2632823	0
2633823	0
2634823	0
2635823	0
2636823	0
2637823	0
2638823	0
2639823	0
2640823	0
2641823	0
2642823	0
2643823	0
2644823	0
2645823	0
2646823	0
2647823	0
2648823	0
2649823	0
2650823	0
2651823	0
2652823	2
2653823	0
2654823	0
2655823	0
2656823	0
2657823	0
2658823	0
2659823	0
2660823	0
2661823	0
2662823	0
2663823	0
2664823	0
2665823	0
2666823	0
2667823	0
2668823	0
2669823	0
2670823	0
2671823	0
2672823	0
2673823	0
2674823	0
2675823	0
2676823	0
2677823	0
2678823	0
2679823	0
2680823	0
2681823	0
2682823	1
2683823	0
2684823	0
2685823	0
2686823	0
2687823	0
2688823	0
2689823	1
2690823	0
2691823	0
2692823	0
2693823	0
2694823	0
2695823	0
2696823	0
2697823	0
2698823	0
2699823	0
2700823	0
2701823	0
2702823	0
2703823	3
2704823	6
2705823	2
2706823	7
2707823	3
2708823	5
2709823	2
2710823	2
2711823	3
2712823	2
2713823	7
2714823	7
2715823	1
2716823	4
2717823	4
2718823	7
2719823	6
2720823	8
2721823	4
2722823	6
2723823	13
2724823	12
2725823	8
2726823	13
2727823	10
2728823	16
2729823	0
2730823	0
2731823	0
2732823	37
2733823	15
2734823	20
2735823	17
2736823	20
2737823	12
2738823	17
2739823	32
2740823	49
2741823	38
2742823	22
2743823	51
2744823	32
2745823	60
2746823	1
2747823	62
2748823	0
2749823	0
2750823	0
2751823	50
2752823	50
2753823	48
2754823	37
2755823	37
2756823	16
2757823	4
2758823	2
2759823	2
2760823	6
2761823	3
2762823	6
2763823	3
2764823	4
2765823	24
2766823	19
2767823	15
2768823	19
2769823	31
2770823	22
2771823	9
2772823	4
2773823	6
2774823	10
2775823	9
2776823	15
2777823	14
2778823	61
2779823	37
2780823	19
2781823	10
2782823	12
2783823	18
2784823	15
2785823	15
2786823	11
2787823	10
2788823	10
2789823	18
2790823	13
2791823	9
2792823	6
2793823	8
2794823	5
2795823	9
2796823	5
2797823	5
2798823	5
2799823	5
2800823	12
2801823	8
2802823	2
2803823	0
2804823	0
2805823	9
2806823	4
2807823	15
2808823	14
2809823	18
2810823	21
2811823	0
2812823	0
2813823	9
2814823	12
2815823	24
2816823	36
2817823	32
2818823	15
2819823	4
2820823	5
2821823	7
2822823	6
2823823	2
2824823	0
2825823	0
2826823	0
2827823	0
2828823	0
2829823	0
2830823	0
2831823	0
2832823	0
2833823	0
2834823	0
2835823	0
2836823	0
2837823	0
2838823	0
2839823	0
2840823	0
2841823	4
2842823	18
2843823	3
2844823	4
2845823	3
2846823	9
2847823	8
2848823	6
2849823	4
2850823	9
2851823	26
2852823	10
2853823	7
2854823	9
2855823	10
2856823	3
2857823	6
2858823	9
2859823	3
2860823	9
2861823	11
2862823	5
2863823	9
2864823	8
2865823	4
2866823	2
2867823	5
2868823	14
2869823	6
2870823	2
2871823	6
2872823	6
2873823	8
2874823	2
2875823	5
2876823	1
2877823	2
2878823	0
2879823	1
2880823	4
2881823	4
2882823	3
2883823	1
2884823	9
2885823	0
2886823	2
2887823	3
2888823	0
2889823	0
2890823	0
2891823	0
2892823	0
2893823	2
2894823	0
2895823	6
2896823	10
2897823	5
2898823	7
2899823	11
2900823	6
2901823	9
2902823	14
2903823	12
2904823	9
2905823	4
2906823	0
2907823	0
2908823	0
2909823	0
2910823	0
2911823	0
2912823	2
2913823	8
2914823	6
2915823	5
2916823	11
2917823	6
2918823	6
2919823	5
2920823	4
2921823	4
2922823	6
2923823	6
2924823	3
2925823	4
2926823	8
2927823	1
2928823	1
2929823	4
2930823	2
2931823	8
2932823	3
2933823	6
2934823	6
2935823	6
2936823	2
2937823	4
2938823	4
2939823	3
2940823	3
2941823	6
2942823	5
2943823	5
2944823	2
2945823	0
2946823	1
2947823	0
2948823	0
2949823	0
2950823	0
2951823	2
2952823	0
2953823	2
2954823	1
2955823	2
2956823	2
2957823	0
2958823	1
2959823	2
2960823	1
2961823	5
2962823	1
2963823	0
2964823	1
2965823	2
2966823	0
2967823	0
2968823	0
2969823	1
2970823	1
2971823	2
2972823	1
2973823	1
2974823	0
2975823	1
2976823	0
2977823	0
2978823	1
2979823	0
2980823	2
2981823	0
2982823	1
2983823	2
2984823	1
2985823	0
2986823	0
2987823	1
2988823	0
2989823	0
2990823	4
2991823	0
2992823	1
2993823	3
2994823	2
2995823	0
2996823	3
2997823	1
2998823	0
2999823	1
3000823	0
3001823	0
3002823	1
3003823	1
3004823	0
3005823	1
3006823	3
3007823	0
3008823	2
3009823	0
3010823	0
3011823	1
3012823	2
3013823	0
3014823	2
3015823	0
3016823	1
3017823	1
3018823	1
3019823	1
3020823	1
3021823	0
3022823	1
3023823	1
3024823	0
3025823	6
3026823	1
3027823	0
3028823	0
3029823	1
3030823	4
3031823	1
3032823	2
3033823	2
3034823	1
3035823	1
3036823	12
3037823	1
3038823	2
3039823	2
3040823	0
3041823	1
3042823	6
3043823	2
3044823	0
3045823	1
3046823	1
3047823	1
3048823	3
3049823	0
3050823	0
3051823	5
3052823	1
3053823	1
3054823	2
3055823	1
3056823	4
3057823	2
3058823	0
3059823	1
3060823	5
3061823	2
3062823	2
3063823	0
3064823	0
3065823	2
3066823	1
3067823	0
3068823	2
3069823	2
3070823	2
3071823	0
3072823	0
3073823	1
3074823	0
3075823	1
3076823	1
3077823	0
3078823	1
3079823	0
3080823	1
3081823	0
3082823	1
3083823	19
3084823	1
3085823	1
3086823	1
3087823	0
3088823	0
3089823	0
3090823	1
3091823	0
3092823	0
3093823	1
3094823	0
3095823	0
3096823	0
3097823	0
3098823	0
3099823	0
3100823	0
3101823	0
3102823	0
3103823	0
3104823	0
3105823	0
3106823	0
3107823	0
3108823	0
3109823	1
3110823	1
3111823	0
3112823	0
3113823	1
3114823	0
3115823	0
3116823	1
3117823	0
3118823	0
3119823	1
3120823	0
3121823	1
3122823	0
3123823	0
3124823	0
3125823	0
3126823	1
3127823	1
3128823	0
3129823	0
3130823	0
3131823	0
3132823	0
3133823	0
3134823	0
3135823	1
3136823	0
3137823	1
3138823	0
3139823	0
3140823	1
3141823	1
3142823	1
3143823	0
3144823	0
3145823	0
3146823	0
3147823	3
3148823	1
3149823	0
3150823	0
3151823	0
3152823	0
3153823	1
3154823	2
3155823	1
3156823	0
3157823	1
3158823	1
3159823	2
3160823	0
3161823	1
3162823	0
3163823	3
3164823	0
3165823	2
3166823	0
3167823	1
3168823	1
3169823	0
3170823	1
3171823	0
3172823	1
3173823	0
3174823	1
3175823	2
3176823	1
3177823	2
3178823	0
3179823	1
3180823	0
3181823	0
3182823	0
3183823	1
3184823	1
3185823	1
3186823	0
3187823	0
3188823	1
3189823	1
3190823	0
3191823	2
3192823	0
3193823	0
3194823	2
3195823	0
3196823	0
3197823	0
3198823	2
3199823	0
3200823	1
3201823	0
3202823	0
3203823	31
3204823	1
3205823	0
3206823	0
3207823	0
3208823	0
3209823	0
3210823	1
3211823	1
3212823	5
3213823	0
3214823	0
3215823	3
3216823	0
3217823	0
3218823	0
3219823	0
3220823	0
3221823	2
3222823	0
3223823	0
3224823	0
3225823	0
3226823	0
3227823	1
3228823	0
3229823	0
3230823	0
3231823	0
3232823	4
3233823	1
3234823	0
3235823	0
3236823	0
3237823	0
3238823	0
3239823	0
3240823	1
3241823	0
3242823	0
3243823	1
3244823	0
3245823	1
3246823	0
3247823	1
3248823	0
3249823	2
3250823	2
3251823	0
3252823	0
3253823	0
3254823	1
3255823	1
3256823	1
3257823	0
3258823	1
3259823	1
3260823	1
3261823	0
3262823	1
3263823	0
3264823	1
3265823	0
3266823	1
3267823	0
3268823	0
3269823	2
3270823	0
3271823	1
3272823	0
3273823	1
3274823	0
3275823	0
3276823	0
3277823	0
3278823	1
3279823	0
3280823	0
3281823	1
3282823	0
3283823	0
3284823	1
3285823	0
3286823	0
3287823	3
3288823	0
3289823	0
3290823	0
3291823	0
3292823	0
3293823	1
3294823	0
3295823	0
3296823	0
3297823	0
3298823	0
3299823	0
3300823	0
3301823	0
3302823	0
3303823	0
3304823	0
3305823	0
3306823	0
3307823	0
3308823	1
3309823	0
3310823	0
3311823	1
3312823	0
3313823	0
3314823	0
3315823	1
3316823	0
3317823	0
3318823	0
3319823	0
3320823	1
3321823	1
3322823	0
3323823	2
3324823	0
3325823	1
3326823	2
3327823	1
3328823	0
3329823	2
3330823	0
3331823	1
3332823	0
3333823	0
3334823	0
3335823	1
3336823	0
3337823	2
3338823	0
3339823	0
3340823	0
3341823	2
3342823	0
3343823	0
3344823	24
3345823	0
3346823	0
3347823	0
3348823	0
3349823	0
3350823	0
3351823	0
3352823	0
3353823	0
3354823	1
3355823	0
3356823	0
3357823	0
3358823	0
3359823	0
3360823	1
3361823	0
3362823	1
3363823	1
3364823	1
3365823	0
3366823	1
3367823	0
3368823	0
3369823	0
3370823	0
3371823	1
3372823	2
3373823	1
3374823	1
3375823	1
3376823	0
3377823	0
3378823	0
3379823	0
3380823	2
3381823	0
3382823	2
3383823	0
3384823	1
3385823	0
3386823	0
3387823	39
3388823	56
3389823	0
3390823	0
3391823	1
3392823	0
3393823	0
3394823	1
3395823	1
3396823	1
3397823	0
3398823	0
3399823	2
3400823	1
3401823	1
3402823	6
3403823	0
3404823	0
3405823	1
3406823	0
3407823	0
3408823	0
3409823	1
3410823	2
3411823	2
3412823	0
3413823	0
3414823	1
3415823	0
3416823	3
3417823	0
3418823	0
3419823	3
3420823	3
3421823	1
3422823	0
3423823	0
3424823	3
3425823	0
3426823	2
3427823	2
3428823	1
3429823	0
3430823	0
3431823	0
3432823	2
3433823	2
3434823	1
3435823	1
3436823	2
3437823	0
3438823	0
3439823	2
3440823	1
3441823	1
3442823	0
3443823	1
3444823	0
3445823	0
3446823	1
3447823	0
3448823	1
3449823	0
3450823	0
3451823	0
3452823	0
3453823	0
3454823	0
3455823	0
3456823	1
3457823	1
3458823	1
3459823	0
3460823	0
3461823	0
3462823	0
3463823	0
3464823	0
3465823	0
3466823	1
3467823	0
3468823	0
3469823	0
3470823	0
3471823	1
3472823	0
3473823	2
3474823	0
3475823	0
3476823	0
3477823	0
3478823	2
3479823	0
3480823	0
3481823	1
3482823	1
3483823	1
3484823	0
3485823	0
3486823	0
3487823	1
3488823	1
3489823	0
3490823	1
3491823	0
3492823	1
3493823	0
3494823	0
3495823	0
3496823	0
3497823	0
3498823	0
3499823	1
3500823	0
3501823	1
3502823	0
3503823	1
3504823	1
3505823	1
3506823	0
3507823	1
3508823	0
3509823	1
3510823	0
3511823	0
3512823	1
3513823	2
3514823	2
3515823	0
3516823	0
3517823	0
3518823	0
3519823	0
3520823	0
3521823	0
3522823	1
3523823	0
3524823	0
3525823	0
3526823	9
3527823	0
3528823	0
3529823	0
3530823	0
3531823	0
3532823	0
3533823	1
3534823	31
3535823	1
3536823	0
3537823	0
3538823	1
3539823	0
3540823	0
3541823	0
3542823	1
3543823	0
3544823	0
3545823	0
3546823	0
3547823	0
3548823	0
3549823	0
3550823	0
3551823	0
3552823	0
3553823	0
3554823	0
3555823	0
3556823	0
3557823	0
3558823	0
3559823	18
3560823	0
3561823	0
3562823	0
3563823	0
3564823	0
3565823	0
3566823	4
3567823	0
3568823	2
3569823	0
3570823	1
3571823	1
3572823	0
3573823	1
3574823	0
3575823	0
3576823	2
3577823	1
3578823	1
3579823	0
3580823	0
3581823	1
3582823	0
3583823	0
3584823	1
3585823	0
3586823	0
3587823	0
3588823	2
3589823	0
3590823	0
3591823	1
3592823	2
3593823	4
3594823	4
3595823	4
3596823	5
3597823	2
3598823	7
3599823	10
3600823	2
3601823	6
3602823	2
3603823	5
3604823	0
3605823	3
3606823	14
3607823	7
3608823	4
3609823	3
3610823	4
3611823	8
3612823	1
3613823	1
3614823	4
3615823	8
3616823	3
3617823	4
3618823	2
3619823	2
3620823	1
3621823	1
3622823	4
3623823	6
3624823	5
3625823	4
3626823	8
3627823	0
3628823	10
3629823	14
3630823	7
3631823	9
3632823	8
3633823	0
3634823	6
3635823	14
3636823	5
3637823	1
3638823	6
3639823	10
3640823	5
3641823	4
3642823	11
3643823	8
3644823	4
3645823	3
3646823	1
3647823	7
3648823	0
3649823	1
3650823	3
3651823	3
3652823	6
3653823	1
3654823	1
3655823	1
3656823	2
3657823	3
3658823	3
3659823	5
3660823	4
3661823	5
3662823	5
3663823	0
3664823	1
3665823	2
3666823	1
3667823	2
3668823	3
3669823	0
3670823	3
3671823	2
3672823	1
3673823	2
3674823	4
3675823	4
3676823	4
3677823	9
3678823	4
3679823	3
3680823	6
3681823	7
3682823	6
3683823	3
3684823	7
3685823	6
3686823	0
3687823	0
3688823	0
3689823	0
3690823	0
3691823	0
3692823	5
3693823	1
3694823	3
3695823	2
3696823	5
3697823	2
3698823	2
3699823	2
3700823	7
3701823	0
3702823	3
3703823	3
3704823	3
3705823	2
3706823	1
3707823	3
3708823	1
3709823	0
3710823	3
3711823	2
3712823	2
3713823	3
3714823	4
3715823	5
3716823	2
3717823	6
3718823	5
3719823	7
3720823	9
3721823	5
3722823	3
3723823	2
3724823	1
3725823	3
3726823	4
3727823	1
3728823	2
3729823	2
3730823	8
3731823	4
3732823	2
3733823	5
3734823	4
3735823	1
3736823	6
3737823	9
3738823	3
3739823	3
3740823	8
3741823	2
3742823	3
3743823	5
3744823	4
3745823	2
3746823	2
3747823	4
3748823	0
3749823	1
3750823	1
3751823	0
3752823	1
3753823	1
3754823	1
3755823	0
3756823	0
3757823	0
3758823	1
3759823	0
3760823	0
3761823	4
3762823	1
3763823	2
3764823	0
3765823	2
3766823	1
3767823	1
3768823	1
3769823	1
3770823	0
3771823	1
3772823	0
3773823	0
3774823	0
3775823	0
3776823	0
3777823	1
3778823	0
3779823	1
3780823	0
3781823	3
3782823	3
3783823	3
3784823	6
3785823	4
3786823	13
3787823	6
3788823	7
3789823	11
3790823	3
3791823	6
3792823	4
3793823	4
3794823	8
3795823	4
3796823	2
3797823	8
3798823	8
3799823	8
3800823	7
3801823	5
3802823	8
3803823	6
3804823	6
3805823	5
3806823	2
3807823	5
3808823	3
3809823	6
3810823	11
3811823	6
3812823	8
3813823	6
3814823	6
3815823	7
3816823	5
3817823	5
3818823	0
3819823	1
3820823	0
3821823	0
3822823	0
3823823	0
3824823	1
3825823	1
3826823	0
3827823	2
3828823	1
3829823	0
3830823	0
3831823	7
3832823	14
3833823	13
3834823	27
3835823	16
3836823	28
3837823	13
3838823	19
3839823	14
3840823	7
3841823	18
3842823	14
3843823	13
3844823	15
3845823	17
3846823	15
3847823	17
3848823	12
3849823	13
3850823	11
3851823	19
3852823	0
3853823	0
3854823	0
3855823	0
3856823	0
3857823	0
3858823	0
3859823	0
3860823	0
3861823	0
3862823	0
3863823	0
3864823	0
3865823	0
3866823	0
3867823	0
3868823	0
3869823	0
3870823	0
3871823	0
3872823	0
3873823	0
3874823	0
3875823	0
3876823	0
3877823	0
3878823	0
3879823	0
3880823	0
3881823	0
3882823	0
3883823	0
3884823	0
3885823	0
3886823	0
3887823	0
3888823	0
3889823	0
3890823	0
3891823	0
3892823	0
3893823	0
3894823	0
3895823	0
3896823	31
3897823	0
3898823	33
3899823	66
3900823	16
3901823	8
3902823	0
3903823	0
3904823	0
3905823	0
3906823	10
3907823	83
3908823	75
3909823	44
3910823	62
3911823	44
3912823	35
3913823	35
3914823	37
3915823	33
3916823	12
3917823	0
3918823	0
3919823	0
3920823	0
3921823	0
3922823	0
3923823	0
3924823	0
3925823	0
3926823	0
3927823	0
3928823	0
3929823	33
3930823	0
3931823	0
3932823	0
3933823	0
3934823	0
3935823	0
3936823	0
3937823	0
3938823	0
3939823	0
3940823	0
3941823	0
3942823	0
3943823	0
3944823	0
3945823	36
3946823	42
3947823	23
3948823	45
3949823	31
3950823	48
3951823	13
3952823	57
3953823	45
3954823	55
3955823	46
3956823	37
3957823	47
3958823	58
3959823	55
3960823	43
3961823	33
3962823	34
3963823	33
3964823	41
3965823	38
3966823	33
3967823	29
3968823	16
3969823	11
3970823	48
3971823	32
3972823	27
3973823	30
3974823	14
3975823	50
3976823	53
3977823	46
3978823	59
3979823	39
3980823	57
3981823	45
3982823	50
3983823	55
3984823	46
3985823	42
3986823	61
3987823	76
3988823	53
3989823	63
3990823	73
3991823	63
3992823	60
3993823	80
3994823	67
3995823	72
3996823	40
3997823	85
3998823	73
3999823	66
4000823	29
4001823	113
4002823	78
4003823	44
4004823	56
4005823	67
4006823	65
4007823	49
4008823	77
4009823	49
4010823	117
4011823	74
4012823	67
4013823	52
4014823	28
4015823	24
4016823	40
4017823	48
4018823	52
4019823	85
4020823	39
4021823	0
4022823	0
4023823	0
4024823	0
4025823	15
4026823	38
4027823	36
4028823	40
4029823	44
4030823	54
4031823	34
4032823	46
4033823	25
4034823	27
4035823	17
4036823	14
4037823	19
4038823	31
4039823	17
4040823	32
4041823	20
4042823	12
4043823	6
4044823	7
4045823	12
4046823	12
4047823	3
4048823	6
4049823	9
4050823	2
4051823	11
4052823	28
4053823	35
4054823	11
4055823	31
4056823	30
4057823	23
4058823	24
4059823	12
4060823	6
4061823	8
4062823	0
4063823	9
4064823	33
4065823	14
4066823	17
4067823	14
4068823	13
4069823	14
4070823	13
4071823	9
4072823	9
4073823	8
4074823	11
4075823	12
4076823	10
4077823	14
4078823	9
4079823	8
4080823	9
4081823	4
4082823	18
4083823	30
4084823	19
4085823	14
4086823	3
4087823	6
4088823	17
4089823	7
4090823	8
4091823	3
4092823	7
4093823	7
4094823	4
4095823	7
4096823	6
4097823	5
4098823	5
4099823	3
4100823	2
4101823	1
4102823	0
4103823	2
4104823	3
4105823	0
4106823	1
4107823	0
4108823	1
4109823	1
4110823	0
4111823	0
4112823	1
4113823	1
4114823	1
4115823	1
4116823	0
4117823	0
4118823	5
4119823	4
4120823	5
4121823	19
4122823	12
4123823	6
4124823	12
4125823	12
4126823	4
4127823	10
4128823	7
4129823	2
4130823	6
4131823	7
4132823	7
4133823	6
4134823	17
4135823	10
4136823	5
4137823	5
4138823	6
4139823	8
4140823	8
4141823	5
4142823	3
4143823	15
4144823	7
4145823	4
4146823	1
4147823	1
4148823	5
4149823	7
4150823	13
4151823	10
4152823	5
4153823	11
4154823	10
4155823	8
4156823	17
4157823	2
4158823	0
4159823	1
4160823	0
4161823	0
4162823	0
4163823	2
4164823	0
4165823	0
4166823	0
4167823	0
4168823	0
4169823	0
4170823	1
4171823	0
4172823	0
4173823	1
4174823	4
4175823	3
4176823	1
4177823	0
4178823	2
4179823	2
4180823	0
4181823	2
4182823	0
4183823	0
4184823	2
4185823	1
4186823	0
4187823	0
4188823	0
4189823	0
4190823	1
4191823	0
4192823	1
4193823	3
4194823	3
4195823	1
4196823	3
4197823	0
4198823	0
4199823	0
4200823	1
4201823	3
4202823	1
4203823	0
4204823	2
4205823	0
4206823	0
4207823	1
4208823	1
4209823	1
4210823	1
4211823	2
4212823	3
4213823	3
4214823	3
4215823	4
4216823	7
4217823	12
4218823	9
4219823	3
4220823	14
4221823	4
4222823	8
4223823	9
4224823	2
4225823	5
4226823	4
4227823	3
4228823	3
4229823	10
4230823	7
4231823	4
4232823	9
4233823	4
4234823	0
4235823	0
4236823	0
4237823	0
4238823	0
4239823	3
4240823	0
4241823	6
4242823	4
4243823	3
4244823	4
4245823	3
4246823	5
4247823	5
4248823	7
4249823	8
4250823	3
4251823	3
4252823	3
4253823	4
4254823	2
4255823	2
4256823	1
4257823	3
4258823	0
4259823	1
4260823	0
4261823	0
4262823	0
4263823	1
4264823	3
4265823	0
4266823	1
4267823	2
4268823	4
4269823	2
4270823	3
4271823	8
4272823	7
4273823	0
4274823	2
4275823	1
4276823	0
4277823	0
4278823	0
4279823	0
4280823	4
4281823	1
4282823	1
4283823	0
4284823	0
4285823	0
4286823	0
4287823	2
4288823	0
4289823	1
4290823	0
4291823	3
4292823	1
4293823	0
4294823	0
4295823	0
4296823	1
4297823	0
4298823	2
4299823	0
4300823	1
4301823	1
4302823	1
4303823	0
4304823	0
4305823	1
4306823	2
4307823	2
4308823	2
4309823	1
4310823	1
4311823	1
4312823	1
4313823	0
4314823	1
4315823	0
4316823	0
4317823	0
4318823	1
4319823	1
4320823	1
4321823	1
4322823	3
4323823	3
4324823	0
4325823	1
4326823	3
4327823	1
4328823	1
4329823	0
4330823	1
4331823	0
4332823	0
4333823	2
4334823	1
4335823	2
4336823	2
4337823	3
4338823	1
4339823	3
4340823	2
4341823	1
4342823	3
4343823	3
4344823	7
4345823	4
4346823	2
4347823	1
4348823	1
4349823	2
4350823	0
4351823	2
4352823	1
4353823	3
4354823	1
4355823	2
4356823	2
4357823	0
4358823	0
4359823	0
4360823	2
4361823	2
4362823	2
4363823	0
4364823	2
4365823	5
4366823	3
4367823	2
4368823	3
4369823	4
4370823	2
4371823	3
4372823	7
4373823	4
4374823	6
4375823	0
4376823	3
4377823	4
4378823	1
4379823	4
4380823	2
4381823	10
4382823	4
4383823	3
4384823	3
4385823	5
4386823	5
4387823	6
4388823	6
4389823	2
4390823	4
4391823	3
4392823	6
4393823	2
4394823	3
4395823	3
4396823	0
4397823	1
4398823	0
4399823	6
4400823	16
4401823	7
4402823	31
4403823	35
4404823	10
4405823	42
4406823	38
4407823	30
4408823	30
4409823	30
4410823	26
4411823	12
4412823	6
4413823	5
4414823	1
4415823	5
4416823	5
4417823	5
4418823	4
4419823	17
4420823	9
4421823	38
4422823	34
4423823	36
4424823	33
4425823	55
4426823	24
4427823	8
4428823	9
4429823	9
4430823	4
4431823	5
4432823	4
4433823	9
4434823	9
4435823	7
4436823	3
4437823	8
4438823	9
4439823	5
4440823	4
4441823	5
4442823	10
4443823	7
4444823	5
4445823	9
4446823	6
4447823	5
4448823	3
4449823	1
4450823	2
4451823	0
4452823	4
4453823	16
4454823	21
4455823	8
4456823	11
4457823	4
4458823	8
4459823	6
4460823	1
4461823	5
4462823	11
4463823	15
4464823	8
4465823	14
4466823	16
4467823	9
4468823	2
4469823	9
4470823	23
4471823	19
4472823	16
4473823	3
4474823	3
4475823	1
4476823	3
4477823	3
4478823	4
4479823	1
4480823	1
4481823	4
4482823	2
4483823	0
4484823	4
4485823	5
4486823	2
4487823	1
4488823	1
4489823	3
4490823	1
4491823	1
4492823	2
4493823	2
4494823	8
4495823	5
4496823	10
4497823	4
4498823	3
4499823	4
4500823	0
4501823	2
4502823	1
4503823	5
4504823	0
4505823	2
4506823	2
4507823	1
4508823	2
4509823	1
4510823	0
4511823	0
4512823	0
4513823	0
4514823	0
4515823	1
4516823	0
4517823	0
4518823	0
4519823	0
4520823	0
4521823	0
4522823	1
4523823	0
4524823	0
4525823	0
4526823	0
4527823	0
4528823	1
4529823	1
4530823	0
4531823	1
4532823	0
4533823	0
4534823	0
4535823	0
4536823	1
4537823	2
4538823	0
4539823	0
4540823	0
4541823	0
4542823	0
4543823	0
4544823	7
4545823	0
4546823	0
4547823	0
4548823	2
4549823	0
4550823	0
4551823	0
4552823	0
4553823	0
4554823	0
4555823	1
4556823	0
4557823	0
4558823	0
4559823	0
4560823	1
4561823	2
4562823	1
4563823	2
4564823	1
4565823	1
4566823	2
4567823	0
4568823	0
4569823	0
4570823	0
4571823	2
4572823	1
4573823	1
4574823	1
4575823	0
4576823	0
4577823	2
4578823	0
4579823	4
4580823	0
4581823	0
4582823	1
4583823	3
4584823	0
4585823	0
4586823	1
4587823	0
4588823	0
4589823	2
4590823	0
4591823	14
4592823	1
4593823	0
4594823	0
4595823	0
4596823	1
4597823	1
4598823	3
4599823	1
4600823	2
4601823	0
4602823	0
4603823	1
4604823	0
4605823	1
4606823	0
4607823	0
4608823	4
4609823	0
4610823	0
4611823	0
4612823	1
4613823	0
4614823	0
4615823	3
4616823	0
4617823	1
4618823	0
4619823	1
4620823	0
4621823	1
4622823	1
4623823	1
4624823	2
4625823	1
4626823	0
4627823	0
4628823	0
4629823	1
4630823	0
4631823	0
4632823	0
4633823	1
4634823	1
4635823	2
4636823	1
4637823	1
4638823	0
4639823	3
4640823	0
4641823	22
4642823	2
4643823	22
4644823	0
4645823	1
4646823	3
4647823	0
4648823	6
4649823	1
4650823	0
4651823	0
4652823	1
4653823	0
4654823	2
4655823	1
4656823	4
4657823	0
4658823	2
4659823	0
4660823	0
4661823	9
4662823	0
4663823	0
4664823	2
4665823	0
4666823	3
4667823	2
4668823	2
4669823	1
4670823	0
4671823	0
4672823	1
4673823	3
4674823	19
4675823	34
4676823	3
4677823	0
4678823	1
4679823	0
4680823	2
4681823	0
4682823	0
4683823	2
4684823	1
4685823	2
4686823	2
4687823	2
4688823	1
4689823	1
4690823	2
4691823	2
4692823	1
4693823	0
4694823	3
4695823	2
4696823	2
4697823	2
4698823	2
4699823	2
4700823	1
4701823	1
4702823	2
4703823	0
4704823	1
4705823	0
4706823	0
4707823	2
4708823	2
4709823	1
4710823	0
4711823	3
4712823	0
4713823	1
4714823	1
4715823	3
4716823	0
4717823	1
4718823	0
4719823	1
4720823	0
4721823	1
4722823	1
4723823	1
4724823	2
4725823	1
4726823	2
4727823	16
4728823	0
4729823	0
4730823	1
4731823	1
4732823	2
4733823	0
4734823	1
4735823	1
4736823	1
4737823	1
4738823	0
4739823	1
4740823	0
4741823	0
4742823	0
4743823	0
4744823	0
4745823	0
4746823	0
4747823	1
4748823	0
4749823	0
4750823	0
4751823	0
4752823	0
4753823	1
4754823	0
4755823	0
4756823	0
4757823	0
4758823	1
4759823	0
4760823	0
4761823	0
4762823	2
4763823	3
4764823	0
4765823	1
4766823	1
4767823	0
4768823	0
4769823	0
4770823	1
4771823	0
4772823	0
4773823	0
4774823	0
4775823	0
4776823	0
4777823	1
4778823	1
4779823	0
4780823	0
4781823	3
4782823	1
4783823	1
4784823	0
4785823	0
4786823	0
4787823	1
4788823	0
4789823	4
4790823	1
4791823	3
4792823	1
4793823	1
4794823	0
4795823	1
4796823	3
4797823	1
4798823	4
4799823	1
4800823	1
4801823	0
4802823	1
4803823	0
4804823	0
4805823	0
4806823	0
4807823	0
4808823	0
4809823	0
4810823	0
4811823	0
4812823	0
4813823	1
4814823	12
