"Bin"	"SNPs_kb"
858	3
1858	6
2858	5
3858	4
4858	2
5858	1
6858	4
7858	4
8858	8
9858	6
10858	5
11858	2
12858	0
13858	0
14858	0
15858	0
16858	0
17858	0
18858	0
19858	0
20858	0
21858	0
22858	0
23858	0
24858	5
25858	3
26858	0
27858	0
28858	0
29858	0
30858	0
31858	0
32858	0
33858	0
34858	0
35858	0
36858	0
37858	0
38858	0
39858	0
40858	0
41858	0
42858	0
43858	0
44858	0
45858	1
46858	0
47858	1
48858	0
49858	0
50858	0
51858	0
52858	0
53858	0
54858	0
55858	0
56858	0
57858	0
58858	0
59858	0
60858	0
61858	0
62858	0
63858	0
64858	0
65858	0
66858	0
67858	0
68858	0
69858	0
70858	1
71858	0
72858	0
73858	0
74858	0
75858	0
76858	0
77858	0
78858	0
79858	0
80858	0
81858	0
82858	0
83858	0
84858	0
85858	0
86858	0
87858	0
88858	0
89858	0
90858	0
91858	0
92858	0
93858	0
94858	0
95858	0
96858	0
97858	0
98858	1
99858	0
100858	0
101858	0
102858	0
103858	0
104858	0
105858	0
106858	0
107858	0
108858	0
109858	1
110858	0
111858	0
112858	0
113858	0
114858	0
115858	0
116858	0
117858	0
118858	0
119858	0
120858	0
121858	0
122858	0
123858	0
124858	0
125858	0
126858	0
127858	0
128858	0
129858	0
130858	0
131858	0
132858	0
133858	0
134858	0
135858	0
136858	1
137858	0
138858	0
139858	0
140858	0
141858	0
142858	0
143858	0
144858	1
145858	0
146858	1
147858	15
148858	2
149858	0
150858	0
151858	0
152858	0
153858	0
154858	0
155858	0
156858	0
157858	0
158858	0
159858	0
160858	1
161858	0
162858	0
163858	0
164858	0
165858	0
166858	0
167858	0
168858	0
169858	0
170858	0
171858	0
172858	0
173858	0
174858	0
175858	0
176858	0
177858	0
178858	0
179858	0
180858	0
181858	0
182858	1
183858	1
184858	0
185858	0
186858	0
187858	0
188858	0
189858	0
190858	0
191858	0
192858	0
193858	0
194858	0
195858	0
196858	0
197858	0
198858	0
199858	0
200858	0
201858	0
202858	0
203858	0
204858	0
205858	0
206858	0
207858	0
208858	0
209858	4
210858	0
211858	0
212858	1
213858	0
214858	0
215858	0
216858	0
217858	0
218858	0
219858	1
220858	0
221858	0
222858	0
223858	0
224858	0
225858	0
226858	0
227858	0
228858	0
229858	0
230858	0
231858	0
232858	0
233858	3
234858	4
235858	4
236858	6
237858	2
238858	4
239858	4
240858	3
241858	2
242858	2
243858	6
244858	6
245858	4
246858	2
247858	5
248858	4
249858	7
250858	8
251858	7
252858	4
253858	11
254858	10
255858	10
256858	13
257858	10
258858	12
259858	7
260858	0
261858	0
262858	0
263858	8
264858	20
265858	18
266858	18
267858	17
268858	12
269858	25
270858	49
271858	47
272858	15
273858	46
274858	41
275858	27
276858	36
277858	0
278858	0
279858	0
280858	0
281858	26
282858	58
283858	46
284858	41
285858	32
286858	32
287858	6
288858	3
289858	2
290858	4
291858	4
292858	6
293858	2
294858	6
295858	17
296858	20
297858	16
298858	8
299858	36
300858	28
301858	12
302858	6
303858	2
304858	14
305858	4
306858	16
307858	10
308858	49
309858	45
310858	24
311858	14
312858	8
313858	21
314858	15
315858	13
316858	12
317858	10
318858	8
319858	19
320858	15
321858	12
322858	4
323858	9
324858	5
325858	6
326858	10
327858	3
328858	5
329858	6
330858	4
331858	15
332858	4
333858	0
334858	0
335858	4
336858	7
337858	15
338858	11
