"Bin"	"SNPs_kb"
173	3
1173	0
2173	1
3173	3
4173	2
5173	5
6173	3
7173	1
8173	0
9173	3
10173	1
11173	0
12173	1
13173	2
14173	1
15173	2
16173	1
17173	1
18173	3
19173	1
20173	5
21173	0
22173	0
23173	1
24173	0
25173	2
26173	1
27173	0
28173	0
29173	1
30173	0
31173	2
32173	2
33173	2
34173	3
35173	1
36173	3
37173	4
38173	0
39173	1
40173	3
41173	1
42173	0
43173	1
44173	1
45173	2
46173	0
47173	1
48173	1
49173	2
50173	0
51173	0
52173	0
53173	0
54173	1
55173	0
56173	1
57173	3
58173	0
59173	0
60173	1
61173	1
62173	1
63173	2
64173	0
65173	0
66173	1
67173	1
68173	0
69173	0
70173	1
71173	2
72173	2
73173	0
74173	1
75173	3
76173	3
77173	2
78173	1
79173	0
80173	2
81173	1
82173	1
83173	1
84173	1
85173	0
86173	1
87173	2
88173	1
89173	0
90173	0
91173	3
92173	1
93173	0
94173	1
95173	0
96173	1
97173	4
98173	1
99173	0
100173	1
101173	2
102173	0
103173	0
104173	0
105173	3
106173	0
107173	1
108173	1
109173	1
110173	1
111173	0
112173	2
113173	6
114173	5
115173	4
116173	3
117173	9
118173	8
119173	9
120173	8
121173	5
122173	8
123173	4
124173	9
125173	4
126173	3
127173	3
128173	7
129173	8
130173	5
131173	1
132173	2
133173	11
134173	6
135173	6
136173	17
137173	12
138173	18
139173	15
140173	11
141173	10
142173	9
143173	4
144173	4
145173	3
146173	7
147173	8
148173	20
149173	15
150173	7
151173	11
152173	4
153173	7
154173	8
155173	11
156173	6
157173	5
158173	4
159173	3
160173	3
161173	3
162173	8
163173	4
164173	4
165173	5
166173	8
167173	2
168173	4
169173	4
170173	7
171173	7
172173	6
173173	5
174173	3
175173	6
176173	4
177173	9
178173	1
179173	4
180173	4
181173	5
182173	5
183173	4
184173	8
185173	2
186173	2
187173	4
188173	2
189173	3
190173	2
191173	5
192173	1
193173	1
194173	1
195173	2
196173	4
197173	3
198173	6
199173	8
200173	5
201173	14
202173	9
203173	7
204173	5
205173	5
206173	2
207173	3
208173	6
209173	3
210173	12
211173	9
212173	7
213173	13
214173	16
215173	4
216173	1
217173	5
218173	3
219173	6
220173	5
221173	15
222173	13
223173	9
224173	13
225173	8
226173	6
227173	8
228173	10
229173	10
230173	11
231173	8
232173	7
233173	9
234173	5
235173	7
236173	8
237173	7
238173	6
239173	13
240173	6
241173	7
242173	8
243173	9
244173	8
245173	6
246173	17
247173	8
248173	6
249173	4
250173	3
251173	4
252173	9
253173	11
254173	7
255173	7
256173	11
257173	13
258173	7
259173	11
260173	8
261173	0
262173	1
263173	7
264173	1
265173	2
266173	0
267173	0
268173	2
269173	0
270173	1
271173	1
272173	1
273173	0
274173	1
275173	0
276173	1
277173	2
278173	5
279173	8
280173	17
281173	20
282173	11
283173	22
284173	13
285173	21
286173	15
287173	6
288173	8
289173	10
290173	9
291173	12
292173	8
293173	10
294173	8
295173	5
296173	2
297173	3
298173	2
299173	1
300173	2
301173	2
302173	1
303173	1
304173	0
305173	0
306173	0
307173	0
308173	0
309173	0
310173	0
311173	0
312173	0
313173	0
314173	0
315173	0
316173	0
317173	0
318173	0
319173	0
320173	0
321173	0
322173	0
323173	0
324173	0
325173	0
326173	0
327173	0
328173	0
329173	0
330173	0
331173	0
332173	0
333173	0
334173	0
335173	0
336173	0
337173	0
338173	0
339173	0
340173	0
341173	0
342173	0
343173	0
344173	0
345173	0
346173	0
347173	0
348173	0
349173	0
350173	0
351173	0
352173	0
353173	0
354173	0
355173	0
356173	0
357173	0
358173	0
359173	0
360173	0
361173	0
362173	0
363173	0
364173	0
365173	0
366173	0
367173	0
368173	0
369173	39
370173	21
371173	15
372173	16
373173	17
374173	23
375173	22
376173	34
377173	16
378173	8
379173	3
380173	2
381173	3
382173	11
383173	2
384173	7
385173	32
386173	7
387173	13
388173	12
389173	10
390173	11
391173	12
392173	11
393173	8
394173	4
395173	15
396173	16
397173	9
398173	11
399173	0
400173	2
401173	4
402173	3
403173	2
404173	2
405173	0
406173	0
407173	1
408173	0
409173	3
410173	0
411173	1
412173	0
413173	1
414173	0
415173	2
416173	1
417173	1
418173	0
419173	2
420173	1
421173	1
422173	0
423173	1
424173	0
425173	1
426173	2
427173	1
428173	1
429173	2
430173	0
431173	1
432173	1
433173	1
434173	0
435173	1
436173	2
437173	0
438173	1
439173	1
440173	1
441173	1
442173	1
443173	1
444173	1
445173	0
446173	0
447173	1
448173	1
449173	1
450173	0
451173	1
452173	0
453173	1
454173	1
455173	3
456173	0
457173	1
458173	2
459173	3
460173	1
461173	2
462173	0
463173	1
464173	2
465173	0
466173	0
467173	0
468173	3
469173	2
470173	1
471173	2
472173	0
473173	0
474173	0
475173	1
476173	2
477173	1
478173	2
479173	0
480173	0
481173	2
482173	1
483173	1
484173	0
485173	0
486173	1
487173	0
488173	0
489173	0
490173	1
491173	0
492173	2
493173	1
494173	2
495173	1
496173	0
497173	3
498173	0
499173	0
500173	2
501173	0
502173	3
503173	2
504173	0
505173	0
506173	2
507173	3
508173	12
509173	4
510173	5
511173	5
512173	4
513173	7
514173	5
515173	4
516173	1
517173	8
518173	5
519173	2
520173	2
521173	4
522173	3
523173	5
524173	3
525173	1
526173	1
527173	0
528173	2
529173	1
530173	0
531173	0
532173	0
533173	2
534173	1
535173	1
536173	3
537173	1
538173	1
539173	0
540173	1
541173	3
542173	4
543173	1
544173	3
545173	6
546173	0
547173	6
548173	1
549173	6
550173	4
551173	6
552173	5
553173	8
554173	5
555173	3
556173	5
557173	5
558173	8
559173	4
560173	8
561173	7
562173	7
563173	6
564173	3
565173	10
566173	5
567173	6
568173	8
569173	1
570173	0
571173	0
572173	1
573173	0
574173	1
575173	0
576173	0
577173	1
578173	1
579173	0
580173	1
581173	0
582173	0
583173	0
584173	0
585173	2
586173	1
587173	2
588173	0
589173	1
590173	2
591173	1
592173	1
593173	1
594173	4
595173	2
596173	1
597173	1
598173	1
599173	2
600173	1
601173	1
602173	3
603173	2
604173	0
605173	1
606173	1
607173	1
608173	12
609173	1
610173	1
611173	0
612173	1
613173	0
614173	2
615173	0
616173	0
617173	0
618173	0
619173	2
620173	2
621173	0
622173	0
623173	2
624173	1
625173	4
626173	3
627173	1
628173	4
629173	0
630173	1
631173	0
632173	1
633173	1
634173	7
635173	3
636173	0
637173	4
638173	2
639173	1
640173	2
641173	2
642173	2
643173	1
644173	6
645173	1
646173	3
647173	0
648173	1
649173	4
650173	6
651173	2
652173	3
653173	2
654173	3
655173	5
656173	5
657173	1
658173	9
659173	1
660173	2
661173	3
662173	4
663173	8
664173	3
665173	3
666173	1
667173	0
668173	0
669173	0
670173	0
671173	0
672173	0
673173	0
674173	0
675173	1
676173	0
677173	1
678173	0
679173	0
680173	1
681173	0
682173	0
683173	0
684173	1
685173	2
686173	0
687173	0
688173	0
689173	2
690173	0
691173	1
692173	0
693173	0
694173	0
695173	1
696173	0
697173	1
698173	0
699173	0
700173	1
701173	0
702173	0
703173	1
704173	0
705173	0
706173	0
707173	1
708173	1
709173	0
710173	2
711173	0
712173	0
713173	1
714173	1
715173	2
716173	0
717173	1
718173	0
719173	0
720173	0
721173	0
722173	1
723173	0
724173	0
725173	0
726173	1
727173	0
728173	1
729173	1
730173	1
731173	1
732173	0
733173	0
734173	0
735173	3
736173	1
737173	0
738173	1
739173	0
740173	0
741173	0
742173	0
743173	0
744173	1
745173	0
746173	1
747173	0
748173	1
749173	0
750173	0
751173	0
752173	0
753173	0
754173	1
755173	0
756173	5
757173	1
758173	0
759173	0
760173	0
761173	0
762173	1
763173	0
764173	0
765173	0
766173	1
767173	0
768173	1
769173	0
770173	0
771173	0
772173	0
773173	0
774173	1
775173	0
776173	0
777173	1
778173	1
779173	1
780173	1
781173	0
782173	3
783173	0
784173	0
785173	0
786173	0
787173	0
788173	1
789173	1
790173	2
791173	0
792173	0
793173	1
794173	1
795173	0
796173	0
797173	0
798173	0
799173	0
800173	0
801173	1
802173	0
803173	0
804173	0
805173	0
806173	0
807173	1
808173	6
809173	5
810173	5
811173	4
812173	2
813173	2
814173	4
815173	5
816173	3
817173	4
818173	5
819173	2
820173	6
821173	3
822173	2
823173	3
824173	3
825173	2
826173	4
827173	6
828173	1
829173	1
830173	0
831173	1
832173	0
833173	2
834173	1
835173	2
836173	2
837173	1
838173	0
839173	2
840173	1
841173	13
842173	3
843173	0
844173	1
845173	0
846173	0
847173	3
848173	0
849173	1
850173	0
851173	0
852173	1
853173	0
854173	0
855173	0
856173	1
857173	1
858173	0
859173	2
860173	0
861173	0
862173	1
863173	0
864173	0
865173	0
866173	1
867173	4
868173	1
869173	0
870173	3
871173	1
872173	3
873173	2
874173	9
875173	1
876173	0
877173	18
878173	0
879173	0
880173	4
881173	3
882173	1
883173	0
884173	3
885173	0
886173	2
887173	2
888173	1
889173	3
890173	3
891173	1
892173	1
893173	3
894173	3
895173	4
896173	1
897173	1
898173	1
899173	0
900173	0
901173	2
902173	0
903173	0
904173	1
905173	2
906173	4
907173	2
908173	0
909173	1
910173	0
911173	2
912173	1
913173	2
914173	1
915173	0
916173	0
917173	0
918173	0
919173	0
920173	0
921173	0
922173	1
923173	0
924173	0
925173	0
926173	0
927173	0
928173	0
929173	0
930173	0
931173	0
932173	0
933173	1
934173	1
935173	0
936173	2
937173	1
938173	1
939173	0
940173	0
941173	0
942173	0
943173	0
944173	0
945173	0
946173	0
947173	0
948173	1
949173	0
950173	0
951173	0
952173	0
953173	1
954173	1
955173	0
956173	1
957173	0
958173	0
959173	0
960173	0
961173	0
962173	0
963173	0
964173	0
965173	0
966173	0
967173	0
968173	0
969173	1
970173	0
971173	0
972173	1
973173	0
974173	0
975173	0
976173	0
977173	0
978173	0
979173	0
980173	0
981173	0
982173	0
983173	0
984173	1
985173	0
986173	0
987173	0
988173	0
989173	0
990173	0
991173	0
992173	1
993173	1
994173	0
995173	0
996173	0
997173	0
998173	1
999173	0
1000173	0
1001173	0
1002173	1
1003173	0
1004173	0
1005173	0
1006173	1
1007173	0
1008173	0
1009173	0
1010173	0
1011173	3
1012173	0
1013173	0
1014173	0
1015173	0
1016173	0
1017173	0
1018173	0
1019173	0
1020173	0
1021173	0
1022173	0
1023173	1
1024173	0
1025173	0
1026173	0
1027173	0
1028173	1
1029173	0
1030173	0
1031173	0
1032173	0
1033173	0
1034173	0
1035173	0
1036173	1
1037173	1
1038173	1
1039173	2
1040173	0
1041173	1
1042173	0
1043173	0
1044173	0
1045173	0
1046173	0
1047173	0
1048173	0
1049173	0
1050173	0
1051173	0
1052173	0
1053173	0
1054173	0
1055173	0
1056173	0
1057173	2
1058173	0
1059173	0
1060173	0
1061173	0
1062173	0
1063173	0
1064173	0
1065173	1
1066173	0
1067173	0
1068173	0
1069173	0
1070173	0
1071173	0
1072173	0
1073173	0
1074173	0
1075173	0
1076173	0
1077173	0
1078173	0
1079173	3
1080173	2
1081173	0
1082173	0
1083173	0
1084173	0
1085173	0
1086173	0
1087173	1
1088173	0
1089173	0
1090173	0
1091173	0
1092173	0
1093173	0
1094173	1
1095173	0
1096173	0
1097173	2
1098173	1
1099173	0
1100173	0
1101173	0
1102173	1
1103173	2
1104173	1
1105173	0
1106173	1
1107173	1
1108173	0
1109173	0
1110173	0
1111173	0
1112173	0
1113173	0
1114173	0
1115173	0
1116173	0
1117173	0
1118173	1
1119173	0
1120173	1
1121173	0
1122173	1
1123173	1
1124173	1
1125173	1
1126173	2
1127173	1
1128173	1
1129173	0
1130173	4
1131173	5
1132173	7
1133173	3
1134173	7
1135173	4
1136173	2
1137173	2
1138173	6
1139173	17
1140173	0
1141173	8
1142173	10
1143173	0
1144173	6
1145173	5
1146173	4
1147173	4
1148173	4
1149173	1
1150173	1
1151173	4
1152173	2
1153173	0
1154173	0
1155173	2
1156173	1
1157173	0
1158173	0
1159173	1
1160173	1
1161173	4
1162173	0
1163173	0
1164173	1
1165173	0
1166173	0
1167173	1
1168173	0
1169173	0
1170173	2
1171173	1
1172173	0
1173173	0
1174173	0
1175173	1
1176173	0
1177173	1
1178173	0
1179173	0
1180173	1
1181173	0
1182173	1
1183173	1
1184173	0
1185173	1
1186173	0
1187173	1
1188173	0
1189173	1
1190173	1
1191173	0
1192173	0
1193173	1
1194173	0
1195173	1
1196173	0
1197173	0
1198173	2
1199173	1
1200173	1
1201173	5
1202173	0
1203173	1
1204173	0
1205173	0
1206173	0
1207173	0
1208173	4
1209173	3
1210173	0
1211173	2
1212173	1
1213173	1
1214173	1
1215173	0
1216173	0
1217173	1
1218173	0
1219173	2
1220173	2
1221173	2
1222173	0
1223173	0
1224173	1
1225173	0
1226173	2
1227173	0
1228173	0
1229173	0
1230173	0
1231173	2
1232173	0
1233173	0
1234173	2
1235173	0
1236173	0
1237173	0
1238173	0
1239173	0
1240173	1
1241173	0
1242173	0
1243173	0
1244173	0
1245173	0
1246173	0
1247173	0
1248173	0
1249173	0
1250173	0
1251173	0
1252173	12
1253173	0
1254173	1
1255173	1
1256173	0
1257173	0
1258173	5
1259173	0
1260173	0
1261173	0
1262173	0
1263173	0
1264173	1
1265173	0
1266173	0
1267173	0
1268173	0
1269173	0
1270173	0
1271173	0
1272173	0
1273173	0
1274173	0
1275173	0
1276173	0
1277173	0
1278173	0
1279173	0
1280173	0
1281173	0
1282173	0
1283173	0
1284173	0
1285173	0
1286173	0
1287173	0
1288173	0
1289173	0
1290173	0
1291173	0
1292173	0
1293173	0
1294173	0
1295173	0
1296173	0
1297173	0
1298173	0
1299173	0
1300173	0
1301173	0
1302173	0
1303173	0
1304173	0
1305173	0
1306173	0
1307173	0
1308173	0
1309173	0
1310173	0
1311173	0
1312173	1
1313173	0
1314173	0
1315173	0
1316173	0
1317173	0
1318173	0
1319173	0
1320173	0
1321173	0
1322173	0
1323173	0
1324173	0
1325173	0
1326173	0
1327173	0
1328173	1
1329173	0
1330173	0
1331173	0
1332173	1
1333173	0
1334173	0
1335173	0
1336173	0
1337173	0
1338173	4
1339173	1
1340173	0
1341173	0
1342173	0
1343173	0
1344173	0
1345173	1
1346173	0
1347173	0
1348173	0
1349173	0
1350173	0
1351173	1
1352173	0
1353173	0
1354173	0
1355173	1
1356173	0
1357173	0
1358173	0
1359173	0
1360173	0
1361173	0
1362173	0
1363173	0
1364173	0
1365173	0
1366173	0
1367173	0
1368173	2
1369173	6
1370173	4
1371173	0
1372173	1
1373173	0
1374173	0
1375173	0
1376173	0
1377173	2
1378173	0
1379173	1
1380173	0
1381173	0
1382173	1
1383173	1
1384173	1
1385173	1
1386173	0
1387173	0
1388173	0
1389173	2
1390173	0
1391173	0
1392173	0
1393173	0
1394173	0
1395173	1
1396173	0
1397173	1
1398173	0
1399173	1
1400173	0
1401173	0
1402173	1
1403173	0
1404173	0
1405173	5
1406173	1
1407173	4
1408173	4
1409173	1
1410173	1
1411173	0
1412173	2
1413173	0
1414173	0
1415173	2
1416173	2
1417173	4
1418173	5
1419173	1
1420173	1
1421173	2
1422173	7
1423173	4
1424173	6
1425173	3
1426173	5
1427173	4
1428173	0
1429173	3
1430173	39
1431173	4
1432173	6
1433173	7
1434173	5
1435173	1
1436173	9
1437173	7
1438173	3
1439173	0
1440173	2
1441173	3
1442173	0
1443173	5
1444173	2
1445173	0
1446173	1
1447173	0
1448173	0
1449173	0
1450173	0
1451173	0
1452173	0
1453173	0
1454173	0
1455173	0
1456173	2
1457173	1
1458173	2
1459173	8
1460173	7
1461173	3
1462173	5
1463173	9
1464173	3
1465173	5
1466173	5
1467173	3
1468173	2
1469173	7
1470173	4
1471173	7
1472173	26
1473173	1
1474173	1
1475173	8
1476173	5
1477173	4
1478173	3
1479173	5
1480173	5
1481173	7
1482173	10
1483173	3
1484173	4
1485173	7
1486173	5
1487173	3
1488173	3
1489173	7
1490173	5
1491173	3
1492173	8
1493173	2
1494173	6
1495173	3
1496173	11
1497173	8
1498173	2
1499173	5
1500173	5
1501173	6
1502173	5
1503173	6
1504173	5
1505173	3
1506173	9
1507173	5
1508173	5
1509173	5
1510173	9
1511173	4
1512173	10
1513173	4
1514173	7
1515173	7
1516173	9
1517173	12
1518173	7
1519173	3
1520173	4
1521173	3
1522173	3
1523173	6
1524173	2
1525173	12
1526173	8
1527173	12
1528173	6
1529173	6
1530173	2
1531173	1
1532173	4
1533173	5
1534173	8
1535173	2
1536173	8
1537173	10
1538173	7
1539173	6
1540173	7
1541173	7
1542173	1
1543173	0
1544173	1
1545173	1
1546173	0
1547173	0
1548173	0
1549173	0
1550173	0
1551173	0
1552173	2
1553173	0
1554173	0
1555173	1
1556173	0
1557173	0
1558173	0
1559173	0
1560173	0
1561173	0
1562173	0
1563173	0
1564173	0
1565173	0
1566173	0
1567173	0
1568173	0
1569173	0
1570173	0
1571173	1
1572173	0
1573173	0
1574173	0
1575173	0
1576173	5
1577173	2
1578173	3
1579173	8
1580173	7
1581173	12
1582173	5
1583173	3
1584173	3
1585173	1
1586173	0
1587173	3
1588173	3
1589173	0
1590173	1
1591173	7
1592173	7
1593173	4
1594173	7
1595173	6
1596173	5
1597173	2
1598173	5
1599173	5
1600173	15
1601173	5
1602173	5
1603173	5
1604173	9
1605173	10
1606173	7
1607173	4
1608173	3
1609173	6
1610173	10
1611173	3
1612173	6
1613173	29
1614173	14
1615173	8
1616173	9
1617173	2
1618173	2
1619173	1
1620173	12
1621173	5
1622173	6
1623173	2
1624173	2
1625173	1
1626173	6
1627173	2
1628173	9
1629173	0
1630173	2
1631173	0
1632173	0
1633173	0
1634173	0
1635173	0
1636173	0
1637173	0
1638173	0
1639173	0
1640173	0
1641173	0
1642173	0
1643173	0
1644173	0
1645173	0
1646173	0
1647173	0
1648173	0
1649173	0
1650173	0
1651173	0
1652173	0
1653173	0
1654173	0
1655173	0
1656173	0
1657173	0
1658173	0
1659173	0
1660173	1
1661173	0
1662173	0
1663173	0
1664173	0
1665173	0
1666173	0
1667173	0
1668173	0
1669173	0
1670173	0
1671173	1
1672173	1
1673173	0
1674173	0
1675173	0
1676173	0
1677173	0
1678173	0
1679173	0
1680173	1
1681173	0
1682173	0
1683173	0
1684173	0
1685173	1
1686173	0
1687173	0
1688173	0
1689173	0
1690173	1
1691173	0
1692173	0
1693173	1
1694173	0
1695173	0
1696173	0
1697173	0
1698173	0
1699173	1
1700173	0
1701173	0
1702173	0
1703173	0
1704173	0
1705173	0
1706173	0
1707173	0
1708173	0
1709173	0
1710173	0
1711173	0
1712173	0
1713173	0
1714173	0
1715173	1
1716173	0
1717173	0
1718173	1
1719173	0
1720173	0
1721173	1
1722173	0
1723173	0
1724173	0
1725173	0
1726173	0
1727173	0
1728173	0
1729173	0
1730173	0
1731173	0
1732173	1
1733173	0
1734173	1
1735173	1
1736173	1
1737173	0
1738173	0
1739173	0
1740173	0
1741173	0
1742173	0
1743173	0
1744173	0
1745173	0
1746173	0
1747173	0
1748173	0
1749173	0
1750173	0
1751173	1
1752173	2
1753173	13
1754173	6
1755173	7
1756173	5
1757173	39
1758173	19
1759173	15
1760173	14
1761173	11
1762173	11
1763173	13
1764173	5
1765173	13
1766173	16
1767173	4
1768173	9
1769173	9
1770173	10
1771173	1
1772173	12
1773173	6
1774173	9
1775173	13
1776173	3
1777173	14
1778173	12
1779173	12
1780173	15
1781173	30
1782173	21
1783173	13
1784173	8
1785173	26
1786173	12
1787173	8
1788173	5
1789173	9
1790173	0
1791173	18
1792173	26
1793173	4
1794173	9
1795173	17
1796173	15
1797173	19
1798173	4
1799173	4
1800173	5
1801173	8
1802173	1
1803173	1
1804173	1
1805173	2
1806173	1
1807173	3
1808173	4
1809173	1
1810173	3
1811173	7
1812173	14
1813173	10
1814173	11
1815173	19
1816173	20
1817173	14
1818173	3
1819173	6
1820173	1
1821173	4
1822173	5
1823173	3
1824173	8
1825173	4
1826173	10
1827173	2
1828173	8
1829173	1
1830173	0
1831173	0
1832173	6
1833173	4
1834173	5
1835173	5
1836173	10
1837173	13
1838173	3
1839173	8
1840173	4
1841173	8
1842173	8
1843173	6
1844173	4
1845173	9
1846173	5
1847173	5
1848173	1
1849173	9
1850173	4
1851173	6
1852173	7
1853173	6
1854173	5
1855173	9
1856173	6
1857173	1
1858173	4
1859173	3
1860173	2
1861173	1
1862173	2
1863173	1
1864173	4
1865173	9
1866173	4
1867173	3
1868173	4
1869173	0
1870173	3
1871173	0
1872173	12
1873173	6
1874173	2
1875173	2
1876173	1
1877173	8
1878173	10
1879173	2
1880173	5
1881173	5
1882173	4
1883173	9
1884173	11
1885173	11
1886173	7
1887173	4
1888173	1
1889173	18
1890173	10
1891173	26
1892173	10
1893173	21
1894173	7
1895173	15
1896173	20
1897173	11
1898173	16
1899173	7
1900173	13
1901173	5
1902173	5
1903173	5
1904173	4
1905173	7
1906173	5
1907173	3
1908173	0
1909173	3
1910173	1
1911173	2
1912173	2
1913173	1
1914173	3
1915173	0
1916173	3
1917173	1
1918173	1
1919173	1
1920173	1
1921173	1
1922173	2
1923173	1
1924173	0
1925173	0
1926173	2
1927173	1
1928173	2
1929173	1
1930173	2
1931173	2
1932173	0
1933173	1
1934173	1
1935173	2
1936173	0
1937173	3
1938173	1
1939173	1
1940173	2
1941173	2
1942173	1
1943173	4
1944173	3
1945173	1
1946173	1
1947173	1
1948173	0
1949173	0
1950173	0
1951173	1
1952173	1
1953173	1
1954173	1
1955173	2
1956173	0
1957173	1
1958173	0
1959173	0
1960173	0
1961173	0
1962173	0
1963173	1
1964173	0
1965173	0
1966173	0
1967173	0
1968173	5
1969173	0
1970173	0
1971173	0
1972173	0
1973173	0
1974173	0
1975173	0
1976173	1
1977173	1
1978173	0
1979173	1
1980173	0
1981173	1
1982173	0
1983173	0
1984173	0
1985173	0
1986173	0
1987173	0
1988173	0
1989173	0
1990173	1
1991173	0
1992173	0
1993173	0
1994173	0
1995173	2
1996173	0
1997173	2
1998173	0
1999173	0
2000173	1
2001173	0
2002173	0
2003173	3
2004173	0
2005173	1
2006173	2
2007173	0
2008173	24
2009173	0
2010173	1
2011173	0
2012173	1
2013173	3
2014173	2
2015173	1
2016173	2
2017173	2
2018173	3
2019173	2
2020173	2
2021173	3
2022173	0
2023173	1
2024173	2
2025173	2
2026173	2
2027173	2
2028173	0
2029173	2
2030173	0
2031173	0
2032173	0
2033173	0
2034173	1
2035173	0
2036173	0
2037173	2
2038173	0
2039173	1
2040173	3
2041173	0
2042173	0
2043173	1
2044173	0
2045173	0
2046173	0
2047173	0
2048173	0
2049173	0
2050173	0
2051173	0
2052173	0
2053173	2
2054173	0
2055173	0
2056173	1
2057173	0
2058173	0
2059173	0
2060173	0
2061173	1
2062173	1
2063173	1
2064173	0
2065173	0
2066173	0
2067173	0
2068173	0
2069173	0
2070173	0
2071173	1
2072173	0
2073173	0
2074173	1
2075173	0
2076173	1
2077173	0
2078173	0
2079173	0
2080173	0
2081173	0
2082173	0
2083173	0
2084173	0
2085173	0
2086173	0
2087173	0
2088173	0
2089173	0
2090173	1
2091173	0
2092173	1
2093173	0
2094173	0
2095173	0
2096173	1
2097173	0
2098173	0
2099173	0
2100173	0
2101173	0
2102173	0
2103173	0
2104173	0
2105173	2
2106173	0
2107173	0
2108173	0
2109173	0
2110173	2
2111173	0
2112173	1
2113173	0
2114173	0
2115173	0
2116173	0
2117173	0
2118173	0
2119173	0
2120173	0
2121173	0
2122173	0
2123173	0
2124173	0
2125173	1
2126173	0
2127173	0
2128173	0
2129173	1
2130173	0
2131173	2
2132173	0
2133173	0
2134173	0
2135173	0
2136173	0
2137173	0
2138173	1
2139173	0
2140173	1
2141173	0
2142173	1
2143173	0
2144173	0
2145173	0
2146173	0
2147173	1
2148173	0
2149173	0
2150173	0
2151173	2
2152173	0
2153173	0
2154173	0
2155173	0
2156173	1
2157173	1
2158173	0
2159173	0
2160173	1
2161173	0
2162173	0
2163173	0
2164173	1
2165173	0
2166173	0
2167173	0
2168173	0
2169173	0
2170173	0
2171173	1
2172173	0
2173173	8
2174173	0
2175173	2
2176173	1
2177173	0
2178173	0
2179173	0
2180173	0
2181173	0
2182173	0
2183173	0
2184173	0
2185173	1
2186173	0
2187173	0
2188173	2
2189173	0
2190173	0
2191173	2
2192173	0
2193173	0
2194173	1
2195173	1
2196173	2
2197173	0
2198173	0
2199173	0
2200173	0
2201173	2
2202173	0
2203173	0
2204173	0
2205173	0
2206173	0
2207173	0
2208173	0
2209173	0
2210173	0
2211173	2
2212173	1
2213173	0
2214173	1
2215173	0
2216173	46
2217173	1
2218173	3
2219173	0
2220173	2
2221173	0
2222173	0
2223173	0
2224173	0
2225173	1
2226173	0
2227173	0
2228173	0
2229173	1
2230173	0
2231173	0
2232173	1
2233173	0
2234173	0
2235173	0
2236173	0
2237173	0
2238173	1
2239173	0
2240173	1
2241173	0
2242173	0
2243173	1
2244173	1
2245173	0
2246173	1
2247173	0
2248173	0
2249173	0
2250173	0
2251173	1
2252173	0
2253173	2
2254173	3
2255173	0
2256173	1
2257173	1
2258173	0
2259173	0
2260173	0
2261173	0
2262173	0
2263173	0
2264173	0
2265173	0
2266173	0
2267173	0
2268173	2
2269173	5
2270173	4
2271173	5
2272173	4
2273173	2
2274173	0
2275173	0
2276173	1
2277173	0
2278173	2
2279173	2
2280173	1
2281173	0
2282173	1
2283173	0
2284173	1
2285173	1
2286173	1
2287173	0
2288173	1
2289173	0
2290173	0
2291173	0
2292173	1
2293173	1
2294173	0
2295173	1
2296173	1
2297173	0
2298173	0
2299173	0
2300173	0
2301173	0
2302173	1
2303173	0
2304173	0
2305173	0
2306173	1
2307173	1
2308173	0
2309173	2
2310173	1
2311173	1
2312173	1
2313173	2
2314173	0
2315173	1
2316173	0
2317173	1
2318173	2
2319173	2
2320173	0
2321173	1
2322173	2
2323173	1
2324173	0
2325173	1
2326173	0
2327173	0
2328173	1
2329173	1
2330173	4
2331173	0
2332173	2
2333173	1
2334173	1
2335173	2
2336173	6
2337173	2
2338173	2
2339173	0
2340173	4
2341173	0
2342173	0
2343173	0
2344173	2
2345173	0
2346173	3
2347173	0
2348173	0
2349173	2
2350173	1
2351173	0
2352173	1
2353173	1
2354173	1
2355173	0
2356173	0
2357173	1
2358173	3
2359173	0
2360173	2
2361173	0
2362173	1
2363173	1
2364173	1
2365173	1
2366173	3
2367173	0
2368173	1
2369173	0
2370173	0
2371173	2
2372173	1
2373173	2
2374173	2
2375173	0
2376173	0
2377173	0
2378173	0
2379173	5
2380173	0
2381173	1
2382173	1
2383173	1
2384173	1
2385173	1
2386173	1
2387173	0
2388173	2
2389173	2
2390173	1
2391173	0
2392173	0
2393173	0
2394173	0
2395173	0
2396173	0
2397173	0
2398173	0
2399173	0
2400173	0
2401173	0
2402173	0
2403173	0
2404173	0
2405173	0
2406173	0
2407173	0
2408173	0
2409173	1
2410173	0
2411173	1
2412173	1
2413173	1
2414173	1
2415173	6
2416173	12
2417173	32
2418173	9
2419173	10
2420173	1
2421173	1
2422173	0
2423173	0
2424173	0
2425173	0
2426173	0
2427173	0
2428173	0
2429173	0
2430173	0
2431173	2
2432173	0
2433173	2
2434173	0
2435173	0
2436173	0
2437173	1
2438173	0
2439173	0
2440173	0
2441173	1
2442173	1
2443173	0
2444173	0
2445173	0
2446173	0
2447173	0
2448173	0
2449173	1
2450173	0
2451173	0
2452173	1
2453173	0
2454173	0
2455173	0
2456173	0
2457173	0
2458173	1
2459173	0
2460173	0
2461173	0
2462173	0
2463173	0
2464173	0
2465173	0
2466173	1
2467173	0
2468173	0
2469173	0
2470173	0
2471173	0
2472173	0
2473173	1
2474173	1
2475173	0
2476173	1
2477173	1
2478173	2
2479173	0
2480173	1
2481173	1
2482173	0
2483173	1
2484173	0
2485173	0
2486173	0
2487173	1
2488173	0
2489173	0
2490173	0
2491173	0
2492173	1
2493173	1
2494173	0
2495173	0
2496173	0
2497173	1
2498173	0
2499173	1
2500173	0
2501173	1
2502173	0
2503173	0
2504173	1
2505173	0
2506173	0
2507173	0
2508173	0
2509173	2
2510173	0
2511173	0
2512173	1
2513173	1
2514173	1
2515173	1
2516173	2
2517173	0
2518173	0
2519173	2
2520173	1
2521173	0
2522173	0
2523173	0
2524173	0
2525173	0
2526173	2
2527173	0
2528173	3
2529173	0
2530173	1
2531173	0
2532173	0
2533173	0
2534173	1
2535173	1
2536173	0
2537173	0
2538173	1
2539173	1
2540173	0
2541173	0
2542173	0
2543173	2
2544173	0
2545173	0
2546173	2
2547173	0
2548173	0
2549173	0
2550173	0
2551173	0
2552173	0
2553173	0
2554173	0
2555173	0
2556173	1
2557173	1
2558173	1
2559173	0
2560173	2
2561173	1
2562173	1
2563173	1
2564173	0
2565173	0
2566173	2
2567173	1
2568173	0
2569173	0
2570173	3
2571173	0
2572173	1
2573173	0
2574173	1
2575173	2
2576173	0
2577173	1
2578173	2
2579173	0
2580173	2
2581173	1
2582173	1
2583173	3
2584173	1
2585173	2
2586173	1
2587173	0
2588173	3
2589173	13
2590173	0
2591173	4
2592173	4
2593173	4
2594173	5
2595173	5
2596173	3
2597173	2
2598173	5
2599173	5
2600173	5
2601173	6
2602173	12
2603173	4
2604173	9
2605173	2
2606173	8
2607173	6
2608173	3
2609173	16
2610173	5
2611173	6
2612173	1
2613173	3
2614173	0
2615173	6
2616173	4
2617173	1
2618173	1
2619173	1
2620173	2
2621173	1
2622173	2
2623173	5
2624173	6
2625173	5
2626173	8
2627173	0
2628173	7
2629173	14
2630173	8
2631173	10
2632173	3
2633173	2
2634173	8
2635173	10
2636173	5
2637173	3
2638173	12
2639173	5
2640173	5
2641173	6
2642173	15
2643173	3
2644173	2
2645173	1
2646173	6
2647173	3
2648173	3
2649173	4
2650173	4
2651173	2
2652173	0
2653173	0
2654173	2
2655173	0
2656173	4
2657173	1
2658173	2
2659173	3
2660173	4
2661173	2
2662173	2
2663173	3
2664173	4
2665173	5
2666173	6
2667173	10
2668173	3
2669173	4
2670173	4
2671173	5
2672173	9
2673173	9
2674173	4
2675173	3
2676173	3
2677173	2
2678173	2
2679173	2
2680173	4
2681173	2
2682173	1
2683173	2
2684173	1
2685173	4
2686173	4
2687173	2
2688173	6
2689173	7
2690173	2
2691173	5
2692173	0
2693173	2
2694173	3
2695173	3
2696173	1
2697173	4
2698173	1
2699173	1
2700173	1
2701173	2
2702173	2
2703173	3
2704173	1
2705173	1
2706173	1
2707173	0
2708173	2
2709173	0
2710173	0
2711173	1
2712173	1
2713173	1
2714173	0
2715173	1
2716173	1
2717173	1
2718173	1
2719173	2
2720173	0
2721173	1
2722173	1
2723173	2
2724173	2
2725173	2
2726173	0
2727173	1
2728173	2
2729173	3
2730173	5
2731173	1
2732173	0
2733173	1
2734173	4
2735173	1
2736173	1
2737173	1
2738173	3
2739173	0
2740173	1
2741173	1
2742173	5
2743173	9
2744173	3
2745173	5
2746173	8
2747173	8
2748173	9
2749173	5
2750173	7
2751173	9
2752173	3
2753173	6
2754173	3
2755173	3
2756173	2
2757173	2
2758173	0
2759173	2
2760173	4
2761173	2
2762173	4
2763173	1
2764173	1
2765173	5
2766173	3
2767173	2
2768173	2
2769173	4
2770173	10
2771173	1
2772173	3
2773173	3
2774173	0
2775173	4
2776173	2
2777173	9
2778173	6
2779173	7
2780173	7
2781173	10
2782173	10
2783173	6
2784173	0
2785173	3
2786173	2
2787173	3
2788173	4
2789173	0
2790173	3
2791173	0
2792173	4
2793173	1
2794173	2
2795173	0
2796173	1
2797173	3
2798173	3
2799173	4
2800173	6
2801173	4
2802173	4
2803173	7
2804173	6
2805173	0
2806173	6
2807173	5
2808173	6
2809173	3
2810173	3
2811173	7
2812173	4
2813173	6
2814173	6
2815173	7
2816173	8
2817173	9
2818173	4
2819173	7
2820173	7
2821173	7
2822173	12
2823173	9
2824173	2
2825173	4
2826173	8
2827173	6
2828173	6
2829173	4
2830173	3
2831173	14
2832173	12
2833173	18
2834173	28
2835173	20
2836173	19
2837173	9
2838173	16
2839173	15
2840173	16
2841173	11
2842173	16
2843173	7
2844173	22
2845173	12
2846173	18
2847173	13
2848173	11
2849173	26
2850173	2
2851173	0
2852173	0
2853173	2
2854173	9
2855173	0
2856173	0
2857173	0
2858173	0
2859173	0
2860173	0
2861173	0
2862173	0
2863173	0
2864173	0
2865173	0
2866173	0
2867173	0
2868173	0
2869173	0
2870173	0
2871173	0
2872173	0
2873173	0
2874173	0
2875173	0
2876173	0
2877173	0
2878173	0
2879173	0
2880173	0
2881173	0
2882173	0
2883173	0
2884173	1
2885173	2
2886173	0
2887173	6
2888173	1
2889173	2
2890173	2
2891173	10
2892173	9
2893173	6
2894173	9
2895173	11
2896173	3
2897173	5
2898173	7
2899173	4
2900173	59
2901173	66
2902173	19
2903173	0
2904173	2
2905173	0
2906173	1
2907173	0
2908173	0
2909173	0
2910173	0
2911173	0
2912173	0
2913173	0
2914173	1
2915173	0
2916173	2
2917173	1
2918173	0
2919173	2
2920173	1
2921173	0
2922173	1
2923173	0
2924173	7
2925173	2
2926173	9
2927173	10
2928173	8
2929173	8
2930173	9
2931173	5
2932173	11
2933173	0
2934173	0
2935173	0
2936173	0
2937173	0
2938173	0
2939173	0
2940173	0
2941173	0
2942173	0
2943173	0
2944173	0
2945173	0
2946173	0
2947173	0
2948173	0
2949173	0
2950173	0
2951173	0
2952173	0
2953173	0
2954173	0
2955173	1
2956173	0
2957173	0
2958173	0
2959173	1
2960173	0
2961173	0
2962173	0
2963173	0
2964173	1
2965173	1
2966173	0
2967173	2
2968173	0
2969173	1
2970173	1
2971173	1
2972173	0
2973173	2
2974173	0
2975173	0
2976173	0
2977173	0
2978173	0
2979173	0
2980173	2
2981173	0
2982173	1
2983173	0
2984173	0
2985173	1
2986173	0
2987173	0
2988173	1
2989173	0
2990173	0
2991173	0
2992173	1
2993173	0
2994173	0
2995173	0
2996173	1
2997173	0
2998173	0
2999173	0
3000173	0
3001173	0
3002173	0
3003173	1
3004173	0
3005173	1
3006173	0
3007173	1
3008173	1
3009173	1
3010173	1
3011173	0
3012173	0
3013173	1
3014173	0
3015173	1
3016173	0
3017173	0
3018173	0
3019173	0
3020173	1
3021173	0
3022173	0
3023173	0
3024173	0
3025173	0
3026173	0
3027173	2
3028173	1
3029173	0
3030173	1
3031173	0
3032173	0
3033173	0
3034173	0
3035173	0
3036173	0
3037173	0
3038173	0
3039173	1
3040173	0
3041173	0
3042173	0
3043173	1
3044173	0
3045173	1
3046173	0
3047173	0
3048173	0
3049173	2
3050173	1
3051173	0
3052173	0
3053173	0
3054173	1
3055173	0
3056173	0
3057173	0
3058173	2
3059173	0
3060173	1
3061173	0
3062173	29
3063173	10
3064173	14
3065173	14
3066173	15
3067173	15
3068173	12
3069173	15
3070173	17
3071173	14
3072173	10
3073173	16
3074173	12
3075173	8
3076173	7
3077173	7
3078173	11
3079173	11
3080173	12
3081173	12
3082173	7
3083173	10
3084173	10
3085173	4
3086173	10
3087173	25
3088173	15
3089173	22
3090173	6
3091173	4
3092173	1
3093173	0
3094173	0
3095173	3
3096173	0
3097173	0
3098173	0
3099173	0
3100173	1
3101173	2
3102173	0
3103173	1
3104173	1
3105173	0
3106173	0
3107173	1
3108173	0
3109173	0
3110173	0
3111173	1
3112173	0
3113173	0
3114173	0
3115173	0
3116173	2
3117173	2
3118173	0
3119173	0
3120173	0
3121173	1
3122173	0
3123173	0
3124173	2
3125173	1
3126173	1
3127173	0
3128173	0
3129173	0
3130173	0
3131173	0
3132173	1
3133173	0
3134173	0
3135173	1
3136173	0
3137173	1
3138173	0
3139173	0
3140173	0
3141173	0
3142173	0
3143173	0
3144173	0
3145173	0
3146173	1
3147173	0
3148173	0
3149173	0
3150173	0
3151173	0
3152173	1
3153173	1
3154173	0
3155173	1
3156173	0
3157173	1
3158173	0
3159173	0
3160173	1
3161173	4
3162173	3
3163173	1
3164173	4
3165173	4
3166173	4
3167173	2
3168173	4
3169173	9
3170173	6
3171173	5
3172173	12
3173173	3
3174173	13
3175173	9
3176173	0
3177173	1
3178173	1
3179173	4
3180173	2
3181173	1
3182173	4
3183173	1
3184173	1
3185173	5
3186173	3
3187173	7
3188173	3
3189173	2
3190173	1
3191173	1
3192173	1
3193173	2
3194173	2
3195173	4
3196173	1
3197173	3
3198173	2
3199173	2
3200173	3
3201173	1
3202173	0
3203173	0
3204173	1
3205173	2
3206173	1
3207173	1
3208173	3
3209173	1
3210173	0
3211173	2
3212173	1
3213173	2
3214173	1
3215173	1
3216173	3
3217173	3
3218173	1
3219173	6
3220173	3
3221173	10
3222173	9
3223173	5
3224173	16
3225173	6
3226173	7
3227173	9
3228173	2
3229173	5
3230173	5
3231173	3
3232173	3
3233173	5
3234173	9
3235173	3
3236173	11
3237173	7
3238173	7
3239173	4
3240173	4
3241173	1
3242173	6
3243173	4
3244173	0
3245173	6
3246173	4
3247173	4
3248173	3
3249173	4
3250173	4
3251173	6
3252173	9
3253173	5
3254173	2
3255173	4
3256173	1
3257173	0
3258173	4
3259173	1
3260173	3
3261173	1
3262173	4
3263173	1
3264173	0
3265173	1
3266173	1
3267173	4
3268173	0
3269173	1
3270173	0
3271173	0
3272173	1
3273173	2
3274173	2
3275173	2
3276173	0
3277173	0
3278173	0
3279173	0
3280173	0
3281173	1
3282173	1
3283173	0
3284173	0
3285173	0
3286173	1
3287173	0
3288173	1
3289173	0
3290173	0
3291173	0
3292173	0
3293173	1
3294173	0
3295173	0
3296173	1
3297173	0
3298173	1
3299173	0
3300173	1
3301173	2
3302173	1
3303173	0
3304173	1
3305173	1
3306173	0
3307173	0
3308173	0
3309173	0
3310173	1
3311173	0
3312173	1
3313173	0
3314173	0
3315173	0
3316173	1
3317173	1
3318173	0
3319173	0
3320173	1
3321173	0
3322173	1
3323173	1
3324173	0
3325173	2
3326173	0
3327173	2
3328173	0
3329173	2
3330173	1
3331173	1
3332173	2
3333173	0
3334173	4
3335173	2
3336173	0
3337173	1
3338173	2
3339173	7
3340173	3
3341173	4
3342173	3
3343173	4
3344173	3
3345173	4
3346173	3
3347173	2
3348173	2
3349173	0
3350173	0
3351173	0
3352173	1
3353173	1
3354173	1
3355173	3
3356173	0
3357173	0
3358173	2
3359173	3
3360173	2
3361173	2
3362173	3
3363173	0
3364173	0
3365173	0
3366173	1
3367173	1
3368173	3
3369173	0
3370173	1
3371173	1
3372173	2
3373173	1
3374173	1
3375173	0
3376173	2
3377173	1
3378173	0
3379173	0
3380173	2
3381173	1
3382173	1
3383173	0
3384173	1
3385173	0
3386173	0
3387173	1
3388173	1
3389173	1
3390173	2
3391173	5
3392173	5
3393173	4
3394173	5
3395173	2
3396173	5
3397173	3
3398173	6
3399173	2
3400173	8
3401173	3
3402173	11
3403173	24
3404173	15
3405173	22
3406173	4
3407173	2
3408173	3
3409173	20
3410173	9
3411173	2
3412173	2
3413173	1
3414173	3
3415173	2
3416173	1
3417173	0
3418173	1
3419173	1
3420173	0
3421173	1
3422173	0
3423173	1
3424173	0
3425173	1
3426173	2
3427173	19
3428173	5
3429173	4
3430173	15
3431173	24
3432173	21
3433173	42
3434173	31
3435173	55
3436173	41
3437173	22
3438173	19
3439173	7
3440173	5
3441173	6
3442173	4
3443173	5
3444173	12
3445173	4
3446173	6
3447173	6
3448173	5
3449173	8
3450173	6
3451173	4
3452173	11
3453173	10
3454173	6
3455173	8
3456173	6
3457173	2
3458173	1
3459173	2
3460173	1
3461173	0
3462173	1
3463173	6
3464173	17
3465173	17
3466173	8
3467173	11
3468173	3
3469173	8
3470173	4
3471173	5
3472173	2
3473173	12
3474173	14
3475173	13
3476173	16
3477173	13
3478173	5
3479173	3
3480173	20
3481173	19
3482173	14
3483173	14
3484173	2
3485173	2
3486173	2
3487173	4
3488173	3
3489173	2
3490173	3
3491173	1
3492173	3
3493173	0
3494173	0
3495173	5
3496173	5
3497173	2
3498173	3
3499173	3
3500173	1
3501173	1
3502173	2
3503173	1
3504173	6
3505173	6
3506173	12
3507173	4
3508173	3
3509173	5
3510173	1
3511173	2
3512173	0
3513173	2
3514173	1
3515173	2
3516173	2
3517173	1
3518173	3
3519173	2
3520173	4
3521173	2
3522173	5
3523173	3
3524173	2
3525173	1
3526173	1
3527173	1
3528173	0
3529173	0
3530173	2
3531173	1
3532173	0
3533173	0
3534173	2
3535173	0
3536173	0
3537173	0
3538173	0
3539173	2
3540173	1
3541173	2
3542173	4
3543173	0
3544173	1
3545173	1
3546173	0
3547173	0
3548173	0
3549173	0
3550173	0
3551173	0
3552173	0
3553173	2
3554173	0
3555173	0
3556173	0
3557173	0
3558173	0
3559173	1
3560173	0
3561173	0
3562173	2
3563173	1
3564173	1
3565173	0
3566173	1
3567173	0
3568173	1
3569173	0
3570173	0
3571173	0
3572173	0
3573173	1
3574173	1
3575173	1
3576173	2
3577173	0
3578173	0
3579173	0
3580173	0
3581173	1
3582173	1
3583173	1
3584173	3
3585173	2
3586173	1
3587173	0
3588173	0
3589173	1
3590173	1
3591173	0
3592173	2
3593173	1
3594173	0
3595173	1
3596173	3
3597173	0
3598173	0
3599173	1
3600173	0
3601173	0
3602173	1
3603173	3
3604173	0
3605173	0
3606173	1
3607173	1
3608173	0
3609173	0
3610173	2
3611173	1
3612173	2
3613173	2
3614173	1
3615173	0
3616173	1
3617173	0
3618173	0
3619173	1
3620173	0
3621173	0
3622173	4
3623173	0
3624173	0
3625173	1
3626173	0
3627173	0
3628173	0
3629173	3
3630173	0
3631173	2
3632173	1
3633173	3
3634173	0
3635173	0
3636173	1
3637173	1
3638173	2
3639173	1
3640173	0
3641173	0
3642173	1
3643173	0
3644173	0
3645173	0
3646173	0
3647173	0
3648173	2
3649173	0
3650173	0
3651173	1
3652173	0
3653173	2
3654173	0
3655173	2
3656173	1
3657173	0
3658173	1
3659173	0
3660173	0
3661173	2
3662173	2
3663173	1
3664173	1
3665173	3
3666173	0
3667173	1
3668173	0
3669173	0
3670173	2
3671173	1
3672173	37
3673173	2
3674173	0
3675173	1
3676173	0
3677173	0
3678173	0
3679173	0
3680173	41
3681173	23
3682173	24
3683173	1
3684173	1
3685173	0
3686173	1
3687173	0
3688173	3
3689173	0
3690173	32
3691173	4
3692173	2
3693173	0
3694173	0
3695173	3
3696173	0
3697173	0
3698173	1
3699173	2
3700173	3
3701173	2
3702173	0
3703173	2
3704173	1
3705173	1
3706173	1
3707173	1
3708173	1
3709173	1
3710173	1
3711173	2
3712173	1
3713173	1
3714173	1
3715173	0
3716173	1
3717173	0
3718173	1
3719173	0
3720173	0
3721173	0
3722173	0
3723173	1
3724173	1
3725173	1
3726173	2
3727173	1
3728173	0
3729173	2
3730173	0
3731173	0
3732173	0
3733173	1
3734173	1
3735173	1
3736173	0
3737173	0
3738173	0
3739173	0
3740173	0
3741173	1
3742173	0
3743173	0
3744173	0
3745173	0
3746173	1
3747173	1
3748173	1
3749173	1
3750173	1
3751173	0
3752173	0
3753173	0
3754173	0
3755173	0
3756173	0
3757173	0
3758173	0
3759173	0
3760173	0
3761173	0
3762173	0
3763173	0
3764173	0
3765173	1
3766173	0
3767173	1
3768173	0
3769173	1
3770173	0
3771173	0
3772173	1
3773173	0
3774173	0
3775173	0
3776173	0
3777173	0
3778173	1
3779173	3
3780173	1
3781173	0
3782173	1
3783173	1
3784173	0
3785173	1
3786173	1
3787173	0
3788173	1
3789173	1
3790173	0
3791173	0
3792173	1
3793173	1
3794173	0
3795173	0
3796173	2
3797173	1
3798173	0
3799173	0
3800173	1
3801173	0
3802173	1
3803173	6
3804173	2
3805173	1
3806173	3
3807173	2
3808173	0
3809173	0
3810173	1
3811173	1
3812173	0
3813173	4
3814173	2
3815173	0
3816173	1
3817173	6
3818173	2
3819173	3
3820173	0
3821173	1
3822173	1
3823173	2
3824173	1
3825173	0
3826173	3
3827173	13
3828173	1
3829173	1
